147258369582693714936147258369471582825936147471582693714825936258369471693714825
147258369582693714936147258471582693825936147369471582693714825258369471714825936
147258369582693714936147258471582693825936147369471582714825936258369471693714825
147258369582693714936147258693714825258369471714825936369471582825936147471582693
147258369582693714936147258693714825258369471714825936471582693825936147369471582
147258396582693741936147285369471528825936174471582639714825963258369417693714852
147258396582693741936147285471582639825936174369471528693714852258369417714825963
147258396582693741936147285471582639825936174369471528714825963258369417693714852
147258396582693741936147285693714852258369417714825963369471528825936174471582639
147258396582693741936147285693714852258369417714825963471582639825936174369471528
147258396693714852258369417582693741936147285471582639714825963369471528825936174
147258396693714852258369417582693741936147285471582639825936174369471528714825963
147258396693714852258369417714825963369471528825936174471582639936147285582693741
147258396693714852258369417714825963369471528825936174582693741936147285471582639
147258396693714852258369417825936174369471528714825963471582639936147285582693741
147285936582639471936174825369417258825963714471528369714852693258396147693741582
147285936582639471936174825471528369825963714369417258693741582258396147714852693
147285936582639471936174825471528369825963714369417258714852693258396147693741582
147285936582639471936174825693741582258396147714852693369417258825963714471528369
147285936582639471936174825693741582258396147714852693471528369825963714369417258
147285936693741582258396147582639471936174825471528369714852693369417258825963714
147285936693741582258396147582639471936174825471528369825963714369417258714852693
147285936693741582258396147714852693369417258825963714471528369936174825582639471
147285936693741582258396147825963714369417258714852693471528369936174825582639471
147285963582639417936174852369417285825963741471528396714852639258396174693741528
147285963582639417936174852471528396825963741369417285693741528258396174714852639
147285963582639417936174852471528396825963741369417285714852639258396174693741528
147285963582639417936174852693741528258396174714852639369417285825963741471528396
147285963582639417936174852693741528258396174714852639471528396825963741369417285
147285963693741528258396174582639417936174852471528396714852639369417285825963741
147285963693741528258396174582639417936174852471528396825963741369417285714852639
147285963693741528258396174714852639369417285825963741471528396936174852582639417
147285963693741528258396174714852639369417285825963741582639417936174852471528396
147285963693741528258396174825963741369417285714852639471528396936174852582639417
147369528582714963936258417369582741825147396471693852714936285258471639693825174
147369528582714963936258417471693852825147396369582741693825174258471639714936285
147369528582714963936258417471693852825147396369582741714936285258471639693825174
147369528582714963936258417693825174258471639714936285369582741825147396471693852
147369528693825174258471639582714963936258417471693852714936285369582741825147396
147369528693825174258471639582714963936258417471693852825147396369582741714936285
147369528693825174258471639714936285369582741825147396471693852936258417582714963
147369528693825174258471639714936285369582741825147396582714963936258417471693852
147369528693825174258471639825147396369582741714936285471693852936258417582714963
147369582582714936936258471369582714825147369471693825714936258258471693693825147
147369582582714936936258471471693825825147369369582714693825147258471693714936258
147369582582714936936258471471693825825147369369582714714936258258471693693825147
147369582582714936936258471693825147258471693714936258369582714825147369471693825
147369582582714936936258471693825147258471693714936258471693825825147369369582714
147369582693825147258471693582714936936258471471693825714936258369582714825147369
147369582693825147258471693582714936936258471471693825825147369369582714714936258
147369582693825147258471693714936258369582714825147369471693825936258471582714936
147369582693825147258471693714936258369582714825147369582714936936258471471693825
147369582693825147258471693825147369369582714714936258471693825936258471582714936
147396258582741693936285147369528471825174936471639582714963825258417369693852714
147396258582741693936285147471639582825174936369528471693852714258417369714963825
147396258582741693936285147471639582825174936369528471714963825258417369693852714
147396258582741693936285147693852714258417369714963825369528471825174936471639582
147396258582741693936285147693852714258417369714963825471639582825174936369528471
147396258693852714258417369582741693936285147471639582714963825369528471825174936
147396258693852714258417369582741693936285147471639582825174936369528471714963825
147396258693852714258417369714963825369528471825174936471639582936285147582741693
147396258693852714258417369714963825369528471825174936582741693936285147471639582
147396258693852714258417369825174936369528471714963825471639582936285147582741693
147396285582741639936285174471639528825174963369528417693852741258417396714963852
147396285582741639936285174693852741258417396714963852369528417825174963471639528
147396285582741639936285174693852741258417396714963852471639528825174963369528417
147396285693852741258417396582741639936285174471639528714963852369528417825174963
147396285693852741258417396582741639936285174471639528825174963369528417714963852
147396285693852741258417396714963852369528417825174963471639528936285174582741639
147396285693852741258417396714963852369528417825174963582741639936285174471639528
147396285693852741258417396825174963369528417714963852471639528936285174582741639
159384726726951483483627159837162594261495837594738261948273615372516948615849372
159384726726951483483627159837162594261495837594738261948273615615849372372516948
159384726726951483483627159837162594594738261261495837615849372372516948948273615
159384726726951483483627159837162594594738261261495837615849372948273615372516948
159384726726951483483627159948273615372516948615849372261495837594738261837162594
159384726726951483483627159948273615615849372372516948837162594261495837594738261
159384726726951483483627159948273615615849372372516948837162594594738261261495837
159483627726159384483726951837261495261594738594837162948372516372615849615948273
159483627726159384483726951837261495261594738594837162948372516615948273372615849
159483627726159384483726951837261495594837162261594738615948273372615849948372516
159483627726159384483726951948372516372615849615948273261594738594837162837261495
159483627726159384483726951948372516372615849615948273261594738837261495594837162
159483627726159384483726951948372516615948273372615849837261495261594738594837162
159483627726159384483726951948372516615948273372615849837261495594837162261594738
159483726726159483483726159837261594261594837594837261948372615372615948615948372
159483726726159483483726159837261594261594837594837261948372615615948372372615948
159483726726159483483726159837261594594837261261594837615948372372615948948372615
159483726726159483483726159837261594594837261261594837615948372948372615372615948
159483726726159483483726159948372615372615948615948372261594837594837261837261594
159483726726159483483726159948372615615948372372615948837261594261594837594837261
159483726726159483483726159948372615615948372372615948837261594594837261261594837
159627384726384951483951627837495162261738495594162738948516273615273849372849516
159627384726384951483951627837495162594162738261738495615273849372849516948516273
159627384726384951483951627837495162594162738261738495615273849948516273372849516
159627384726384951483951627948516273372849516615273849261738495594162738837495162
159627384726384951483951627948516273372849516615273849261738495837495162594162738
159627384726384951483951627948516273615273849372849516837495162261738495594162738
159627384726384951483951627948516273615273849372849516837495162594162738261738495
159627483726384159483951726837495261261738594594162837948516372372849615615273948
159627483726384159483951726837495261261738594594162837948516372615273948372849615
159627483726384159483951726837495261594162837261738594615273948372849615948516372
159627483726384159483951726837495261594162837261738594615273948948516372372849615
159627483726384159483951726948516372372849615615273948261738594594162837837495261
159627483726384159483951726948516372372849615615273948261738594837495261594162837
159627483726384159483951726948516372615273948372849615837495261261738594594162837
159627483726384159483951726948516372615273948372849615837495261594162837261738594
162594738738261495495837162849372516273615849516948273951483627384726951627159384
162594738738261495495837162951483627384726951627159384273615849516948273849372516
162594738738261495495837162951483627384726951627159384273615849849372516516948273
162594738738261495495837162951483627627159384384726951849372516273615849516948273
162594738738261495495837162951483627627159384384726951849372516516948273273615849
162594837738261594495837261849372615273615948516948372951483726384726159627159483
162594837738261594495837261951483726384726159627159483273615948516948372849372615
162594837738261594495837261951483726384726159627159483273615948849372615516948372
162594837738261594495837261951483726627159483384726159849372615273615948516948372
162594837738261594495837261951483726627159483384726159849372615516948372273615948
162738495738495162495162738849516273273849516516273849951627384627384951384951627
162738495738495162495162738849516273516273849273849516627384951951627384384951627
162738495738495162495162738951627384384951627627384951273849516516273849849516273
162738495738495162495162738951627384384951627627384951273849516849516273516273849
162738495738495162495162738951627384627384951384951627849516273516273849273849516
162738594738495261495162837849516372273849615516273948951627483627384159384951726
162738594738495261495162837849516372516273948273849615627384159951627483384951726
162738594738495261495162837951627483384951726627384159273849615516273948849516372
162738594738495261495162837951627483384951726627384159273849615849516372516273948
162738594738495261495162837951627483627384159384951726849516372273849615516273948
162738594738495261495162837951627483627384159384951726849516372516273948273849615
162837495738594162495261738849615273273948516516372849951726384627483951384159627
162837495738594162495261738849615273516372849273948516627483951951726384384159627
162837495738594162495261738951726384384159627627483951273948516516372849849615273
162837495738594162495261738951726384384159627627483951273948516849615273516372849
162837495738594162495261738951726384627483951384159627849615273516372849273948516
258369417693714852147258396471582639936147285582693741825936174369471528714825963
258369417693714852147258396582693741936147285471582639714825963369471528825936174
258369417693714852147258396582693741936147285471582639825936174369471528714825963
258369417714825963369471528693714852147258396582693741936147285471582639825936174
258369417714825963369471528825936174471582639936147285582693741147258396693714852
258369417714825963369471528936147285471582639825936174582693741147258396693714852
258396147693741582147285936471528369936174825582639471825963714369417258714852693
258396147693741582147285936582639471936174825471528369714852693369417258825963714
258396147693741582147285936582639471936174825471528369825963714369417258714852693
258396147714852693369417258693741582147285936582639471936174825471528369825963714
258396147714852693369417258825963714471528369936174825582639471147285936693741582
258396147714852693369417258936174825471528369825963714582639471147285936693741582
258396174693741528147285963714852639369417285825963741471528396936174852582639417
258396174693741528147285963714852639369417285825963741582639417936174852471528396
258396174714852639369417285825963741471528396936174852582639417147285963693741528
258396174714852639369417285825963741471528396936174852693741528147285963582639417
258396174714852639369417285936174852471528396825963741582639417147285963693741528
258417396693852741147396285582741639936285174471639528714963852369528417825174963
258417396693852741147396285714963852369528417825174963582741639936285174471639528
258417396714963852369528417693852741147396285582741639936285174471639528825174963
258471693693825147147369582471693825936258471582714936825147369369582714714936258
258471693693825147147369582582714936936258471471693825825147369369582714714936258
258471693693825147147369582714936258369582714825147369471693825936258471582714936
258471693693825147147369582714936258369582714825147369582714936936258471471693825
258471693714936258369582714825147369471693825936258471582714936147369582693825147
258471693714936258369582714825147369471693825936258471693825147147369582582714936
258471693714936258369582714936258471471693825825147369582714936147369582693825147
261495837837162594594738261159384726726951483483627159948273615372516948615849372
261495837837162594594738261159384726726951483483627159948273615615849372372516948
261495837837162594594738261948273615372516948615849372159384726483627159726951483
261594837837261594594837261159483726726159483483726159948372615372615948615948372
261594837837261594594837261159483726726159483483726159948372615615948372372615948
261594837837261594594837261948372615372615948615948372159483726483726159726159483
261738495837495162594162738159627384726384951483951627948516273615273849372849516
261738495837495162594162738948516273372849516615273849159627384726384951483951627
261738495837495162594162738948516273615273849372849516726384951159627384483951627
261738594837495261594162837159627483483951726726384159372849615948516372615273948
261738594837495261594162837159627483726384159483951726948516372615273948372849615
261738594837495261594162837948516372372849615615273948159627483726384159483951726
261738594837495261594162837948516372615273948372849615726384159159627483483951726
273849516849516273516273849162738495738495162495162738951627384627384951384951627
273849516849516273516273849951627384384951627627384951162738495738495162495162738
273849615849516372516273948162738594738495261495162837951627483627384159384951726
273849615849516372516273948951627483384951726627384159162738594738495261495162837
273849615849516372516273948951627483627384159384951726738495261162738594495162837
273948516849615273516372849162837495738594162495261738951726384627483951384159627
273948516849615273516372849951726384384159627627483951162837495738594162495261738
369417285714852639258396174825963741471528396936174852693741528147285963582639417
369582714714936258258471693825147369471693825936258471582714936147369582693825147
369582714714936258258471693825147369471693825936258471693825147147369582582714936
372849516948516273615273849261738495837495162594162738159627384726384951483951627
372849615948516372615273948159627483483951726726384159261738594837495261594162837
372849615948516372615273948261738594837495261594162837159627483726384159483951726
