1: (0,2),(4,6),(0,8),(2,4),(6,8),(1,3),(5,7),(1,3),(5,7)
2: (0,2),(4,6),(1,8),(3,5),(0,7),(2,4),(6,8),(1,3),(5,7)
3: (0,2),(4,6),(1,8),(3,5),(1,7),(3,5),(0,7),(2,4),(6,8)
4: (0,2),(4,6),(1,8),(4,6),(2,8),(0,5),(3,7),(1,5),(3,7)
5: (0,2),(4,6),(2,8),(0,4),(6,8),(1,3),(5,7),(1,3),(5,7)
6: (0,2),(4,6),(2,8),(4,6),(0,8),(3,5),(1,7),(3,5),(1,7)
7: (0,2),(4,6),(2,8),(4,6),(1,8),(3,5),(0,7),(3,5),(1,7)
8: (0,2),(4,6),(2,8),(4,6),(1,8),(3,5),(1,7),(3,5),(0,7)
9: (0,2),(4,8),(0,6),(2,4),(6,8),(1,3),(5,7),(1,3),(5,7)
10: (0,2),(4,8),(2,6),(0,4),(6,8),(1,3),(5,7),(1,3),(5,7)
11: (0,2),(5,7),(0,3),(5,7),(1,3),(6,8),(1,4),(6,8),(2,4)
12: (0,2),(5,7),(0,3),(5,7),(1,3),(6,8),(2,4),(6,8),(1,4)
13: (0,2),(5,7),(1,3),(5,7),(0,3),(6,8),(1,4),(6,8),(2,4)
14: (0,2),(5,7),(1,3),(5,7),(0,3),(6,8),(2,4),(6,8),(1,4)
15: (0,2),(5,7),(1,3),(5,7),(1,3),(6,8),(0,4),(2,6),(4,8)
16: (0,2),(5,7),(1,3),(5,7),(1,3),(6,8),(0,4),(2,8),(4,6)
17: (0,2),(5,7),(1,3),(5,7),(1,3),(6,8),(0,4),(6,8),(2,4)
18: (0,2),(5,7),(1,3),(5,7),(1,3),(6,8),(2,4),(0,6),(4,8)
19: (0,2),(5,7),(1,3),(5,7),(1,3),(6,8),(2,4),(0,8),(4,6)
20: (0,2),(5,7),(1,3),(5,7),(1,3),(6,8),(2,4),(6,8),(0,4)
21: (0,2),(5,7),(1,3),(6,8),(1,4),(6,8),(2,4),(0,7),(3,5)
22: (0,2),(5,7),(1,3),(6,8),(2,4),(0,7),(3,5),(1,8),(4,6)
23: (0,2),(6,8),(1,4),(6,8),(2,4),(0,7),(3,5),(1,7),(3,5)
24: (0,2),(6,8),(2,4),(0,7),(3,5),(1,7),(3,5),(1,8),(4,6)
25: (0,3),(5,7),(0,2),(4,6),(2,8),(4,6),(1,8),(3,5),(1,7)
26: (0,3),(5,7),(0,2),(5,7),(1,3),(6,8),(1,4),(6,8),(2,4)
27: (0,3),(5,7),(0,2),(5,7),(1,3),(6,8),(2,4),(6,8),(1,4)
28: (0,3),(5,7),(1,3),(5,7),(0,2),(4,6),(1,8),(4,6),(2,8)
29: (0,3),(5,7),(1,3),(5,7),(0,2),(4,6),(2,8),(4,6),(1,8)
30: (0,3),(5,7),(1,3),(5,7),(0,2),(4,8),(1,6),(4,8),(2,6)
31: (0,3),(5,7),(1,3),(5,7),(0,2),(4,8),(2,6),(4,8),(1,6)
32: (0,3),(5,7),(1,3),(5,7),(0,2),(6,8),(1,4),(6,8),(2,4)
33: (0,3),(5,7),(1,3),(5,7),(0,2),(6,8),(2,4),(6,8),(1,4)
34: (0,3),(5,7),(1,3),(6,8),(1,4),(6,8),(2,4),(0,7),(2,5)
35: (0,4),(2,6),(0,8),(2,4),(6,8),(1,3),(5,7),(1,3),(5,7)
36: (0,4),(2,6),(4,8),(0,2),(5,7),(1,3),(5,7),(1,3),(6,8)
37: (0,4),(2,6),(4,8),(0,2),(5,7),(1,3),(6,8),(1,3),(5,7)
38: (0,4),(2,6),(4,8),(0,2),(6,8),(1,3),(5,7),(1,3),(5,7)
39: (0,4),(2,6),(4,8),(1,6),(3,8),(1,5),(3,7),(0,5),(2,7)
40: (0,4),(2,6),(4,8),(2,6),(0,8),(3,5),(1,7),(3,5),(1,7)
41: (0,4),(2,7),(0,5),(3,7),(1,5),(3,8),(1,6),(4,8),(2,6)
42: (0,4),(2,8),(0,6),(2,4),(6,8),(1,3),(5,7),(1,3),(5,7)
43: (0,4),(2,8),(4,6),(0,2),(5,7),(1,3),(5,7),(1,3),(6,8)
44: (0,4),(2,8),(4,6),(0,2),(5,7),(1,3),(6,8),(1,3),(5,7)
45: (0,4),(2,8),(4,6),(0,2),(6,8),(1,3),(5,7),(1,3),(5,7)
46: (0,4),(6,8),(0,2),(5,7),(1,3),(5,7),(1,3),(6,8),(2,4)
47: (0,4),(6,8),(1,3),(5,7),(0,2),(5,7),(1,3),(6,8),(2,4)
48: (0,4),(6,8),(1,3),(5,7),(1,3),(5,7),(0,2),(4,6),(2,8)
49: (0,4),(6,8),(1,3),(5,7),(1,3),(5,7),(0,2),(4,8),(2,6)
50: (0,4),(6,8),(1,3),(5,7),(1,3),(5,7),(0,2),(6,8),(2,4)
51: (0,4),(6,8),(1,3),(5,7),(1,3),(6,8),(2,4),(0,7),(2,5)
52: (0,4),(6,8),(2,4),(6,8),(0,2),(5,7),(1,3),(5,7),(1,3)
53: (0,4),(6,8),(2,4),(6,8),(1,3),(5,7),(0,2),(5,7),(1,3)
54: (0,4),(6,8),(2,4),(6,8),(1,3),(5,7),(1,3),(5,7),(0,2)
55: (0,5),(2,7),(0,4),(2,6),(4,8),(1,6),(3,8),(1,5),(3,7)
56: (0,5),(2,7),(0,4),(6,8),(1,3),(5,7),(1,3),(6,8),(2,4)
57: (0,5),(2,7),(0,4),(6,8),(2,4),(6,8),(1,3),(5,7),(1,3)
58: (0,5),(3,7),(1,5),(3,8),(1,6),(4,8),(2,6),(0,4),(2,7)
59: (0,6),(2,4),(0,7),(2,4),(6,8),(1,3),(5,7),(1,3),(5,8)
60: (0,6),(2,4),(0,7),(2,4),(6,8),(1,3),(5,8),(1,3),(5,7)
61: (0,6),(2,4),(0,7),(3,5),(1,7),(3,5),(1,8),(4,6),(2,8)
62: (0,6),(2,4),(0,8),(2,4),(6,8),(1,3),(5,7),(1,3),(5,7)
63: (0,6),(2,4),(6,8),(1,3),(5,7),(1,3),(5,7),(0,2),(4,8)
64: (0,6),(2,4),(6,8),(1,3),(5,7),(1,3),(5,8),(0,2),(4,7)
65: (0,6),(2,4),(6,8),(1,3),(5,8),(1,3),(5,7),(0,2),(4,7)
66: (0,6),(2,4),(6,8),(2,4),(0,7),(3,5),(1,7),(3,5),(1,8)
67: (0,6),(2,4),(6,8),(2,4),(0,7),(3,5),(1,8),(3,5),(1,7)
68: (0,6),(2,4),(6,8),(2,4),(0,8),(3,5),(1,7),(3,5),(1,7)
69: (0,6),(2,8),(4,6),(1,8),(3,5),(1,7),(3,5),(0,7),(2,4)
70: (0,6),(4,8),(0,2),(5,7),(1,3),(5,7),(1,3),(6,8),(2,4)
71: (0,6),(4,8),(2,6),(4,8),(0,2),(5,7),(1,3),(5,7),(1,3)
72: (0,7),(2,4),(0,6),(2,4),(6,8),(1,3),(5,7),(1,3),(5,8)
73: (0,7),(2,4),(0,6),(2,4),(6,8),(1,3),(5,8),(1,3),(5,7)
74: (0,7),(2,4),(0,6),(2,8),(4,6),(1,8),(3,5),(1,7),(3,5)
75: (0,7),(2,4),(6,8),(0,2),(4,6),(1,8),(3,5),(1,7),(3,5)
76: (0,7),(2,4),(6,8),(1,3),(5,7),(0,2),(4,6),(1,8),(3,5)
77: (0,7),(2,4),(6,8),(1,3),(5,7),(1,3),(5,8),(0,2),(4,6)
78: (0,7),(2,4),(6,8),(1,3),(5,8),(1,3),(5,7),(0,2),(4,6)
79: (0,7),(2,4),(6,8),(2,4),(0,6),(3,8),(1,5),(3,7),(1,5)
80: (0,7),(3,5),(1,7),(3,5),(1,8),(4,6),(0,2),(4,6),(2,8)
81: (0,7),(3,5),(1,7),(3,5),(1,8),(4,6),(0,2),(4,8),(2,6)
82: (0,7),(3,5),(1,7),(3,5),(1,8),(4,6),(0,2),(6,8),(2,4)
83: (0,7),(3,5),(1,7),(3,5),(1,8),(4,6),(2,8),(0,4),(2,6)
84: (0,7),(3,5),(1,7),(3,5),(1,8),(4,6),(2,8),(0,6),(2,4)
85: (0,7),(3,5),(1,7),(3,5),(1,8),(4,6),(2,8),(4,6),(0,2)
86: (0,7),(3,5),(1,8),(4,6),(0,2),(5,7),(1,3),(6,8),(2,4)
87: (0,7),(3,5),(1,8),(4,6),(2,8),(4,6),(0,2),(5,7),(1,3)
88: (0,8),(2,4),(0,6),(2,4),(6,8),(1,3),(5,7),(1,3),(5,7)
89: (0,8),(2,4),(6,8),(1,3),(5,7),(1,3),(5,7),(0,2),(4,6)
90: (0,8),(4,6),(0,2),(5,7),(1,3),(5,7),(1,3),(6,8),(2,4)
91: (0,8),(4,6),(2,8),(4,6),(0,2),(5,7),(1,3),(5,7),(1,3)
92: (1,3),(5,7),(0,2),(4,6),(0,8),(2,4),(6,8),(1,3),(5,7)
93: (1,3),(5,7),(0,2),(4,6),(1,8),(3,5),(0,7),(2,4),(6,8)
94: (1,3),(5,7),(0,2),(4,6),(1,8),(4,6),(2,8),(0,5),(3,7)
95: (1,3),(5,7),(0,2),(4,6),(2,8),(0,4),(6,8),(1,3),(5,7)
96: (1,3),(5,7),(0,2),(4,6),(2,8),(4,6),(0,8),(3,5),(1,7)
97: (1,3),(5,7),(0,2),(4,6),(2,8),(4,6),(1,8),(3,5),(0,7)
98: (1,3),(5,7),(0,2),(4,8),(0,6),(2,4),(6,8),(1,3),(5,7)
99: (1,3),(5,7),(0,2),(4,8),(2,6),(0,4),(6,8),(1,3),(5,7)
100: (1,3),(5,7),(0,2),(5,7),(0,3),(6,8),(1,4),(6,8),(2,4)
101: (1,3),(5,7),(0,2),(5,7),(0,3),(6,8),(2,4),(6,8),(1,4)
102: (1,3),(5,7),(0,2),(5,7),(1,3),(6,8),(0,4),(2,6),(4,8)
103: (1,3),(5,7),(0,2),(5,7),(1,3),(6,8),(0,4),(2,8),(4,6)
104: (1,3),(5,7),(0,2),(5,7),(1,3),(6,8),(0,4),(6,8),(2,4)
105: (1,3),(5,7),(0,2),(5,7),(1,3),(6,8),(2,4),(0,6),(4,8)
106: (1,3),(5,7),(0,2),(5,7),(1,3),(6,8),(2,4),(0,8),(4,6)
107: (1,3),(5,7),(0,2),(5,7),(1,3),(6,8),(2,4),(6,8),(0,4)
108: (1,3),(5,7),(0,2),(6,8),(1,4),(6,8),(2,4),(0,7),(3,5)
109: (1,3),(5,7),(0,2),(6,8),(2,4),(0,7),(3,5),(1,8),(4,6)
110: (1,3),(5,7),(0,3),(5,7),(0,2),(4,6),(1,8),(4,6),(2,8)
111: (1,3),(5,7),(0,3),(5,7),(0,2),(4,6),(2,8),(4,6),(1,8)
112: (1,3),(5,7),(0,3),(5,7),(0,2),(4,8),(1,6),(4,8),(2,6)
113: (1,3),(5,7),(0,3),(5,7),(0,2),(4,8),(2,6),(4,8),(1,6)
114: (1,3),(5,7),(0,3),(5,7),(0,2),(6,8),(1,4),(6,8),(2,4)
115: (1,3),(5,7),(0,3),(5,7),(0,2),(6,8),(2,4),(6,8),(1,4)
116: (1,3),(5,7),(0,3),(6,8),(1,4),(6,8),(2,4),(0,7),(2,5)
117: (1,3),(5,7),(1,3),(5,7),(0,2),(4,6),(0,8),(2,4),(6,8)
118: (1,3),(5,7),(1,3),(5,7),(0,2),(4,6),(0,8),(2,6),(4,8)
119: (1,3),(5,7),(1,3),(5,7),(0,2),(4,6),(0,8),(4,6),(2,8)
120: (1,3),(5,7),(1,3),(5,7),(0,2),(4,6),(2,8),(0,4),(6,8)
121: (1,3),(5,7),(1,3),(5,7),(0,2),(4,6),(2,8),(0,6),(4,8)
122: (1,3),(5,7),(1,3),(5,7),(0,2),(4,6),(2,8),(4,6),(0,8)
123: (1,3),(5,7),(1,3),(5,7),(0,2),(4,8),(0,6),(2,4),(6,8)
124: (1,3),(5,7),(1,3),(5,7),(0,2),(4,8),(0,6),(2,8),(4,6)
125: (1,3),(5,7),(1,3),(5,7),(0,2),(4,8),(0,6),(4,8),(2,6)
126: (1,3),(5,7),(1,3),(5,7),(0,2),(4,8),(2,6),(0,4),(6,8)
127: (1,3),(5,7),(1,3),(5,7),(0,2),(4,8),(2,6),(0,8),(4,6)
128: (1,3),(5,7),(1,3),(5,7),(0,2),(4,8),(2,6),(4,8),(0,6)
129: (1,3),(5,7),(1,3),(5,7),(0,2),(6,8),(0,4),(2,6),(4,8)
130: (1,3),(5,7),(1,3),(5,7),(0,2),(6,8),(0,4),(2,8),(4,6)
131: (1,3),(5,7),(1,3),(5,7),(0,2),(6,8),(0,4),(6,8),(2,4)
132: (1,3),(5,7),(1,3),(5,7),(0,2),(6,8),(2,4),(0,6),(4,8)
133: (1,3),(5,7),(1,3),(5,7),(0,2),(6,8),(2,4),(0,8),(4,6)
134: (1,3),(5,7),(1,3),(5,7),(0,2),(6,8),(2,4),(6,8),(0,4)
135: (1,3),(5,7),(1,3),(6,8),(0,4),(2,6),(4,8),(0,2),(5,7)
136: (1,3),(5,7),(1,3),(6,8),(0,4),(2,7),(0,5),(2,8),(4,6)
137: (1,3),(5,7),(1,3),(6,8),(0,4),(2,8),(4,6),(0,2),(5,7)
138: (1,3),(5,7),(1,3),(6,8),(0,4),(6,8),(2,4),(0,7),(2,5)
139: (1,3),(5,7),(1,3),(6,8),(2,4),(0,6),(4,8),(0,2),(5,7)
140: (1,3),(5,7),(1,3),(6,8),(2,4),(0,7),(2,5),(0,8),(4,6)
141: (1,3),(5,7),(1,3),(6,8),(2,4),(0,8),(4,6),(0,2),(5,7)
142: (1,3),(5,7),(1,3),(6,8),(2,4),(6,8),(0,4),(2,7),(0,5)
143: (1,3),(6,8),(0,4),(2,6),(4,8),(0,2),(5,7),(1,3),(5,7)
144: (1,3),(6,8),(0,4),(2,8),(4,6),(0,2),(5,7),(1,3),(5,7)
145: (1,3),(6,8),(1,4),(6,8),(2,4),(0,7),(2,5),(0,7),(3,5)
146: (1,3),(6,8),(1,4),(6,8),(2,4),(0,7),(3,5),(0,7),(2,5)
147: (1,3),(6,8),(2,4),(0,6),(4,8),(0,2),(5,7),(1,3),(5,7)
148: (1,3),(6,8),(2,4),(0,7),(2,5),(0,7),(3,5),(1,8),(4,6)
149: (1,3),(6,8),(2,4),(0,7),(3,5),(1,8),(4,6),(0,2),(5,7)
150: (1,3),(6,8),(2,4),(0,8),(4,6),(0,2),(5,7),(1,3),(5,7)
151: (1,3),(6,8),(2,4),(6,8),(0,4),(2,7),(0,5),(3,7),(1,5)
152: (1,4),(6,8),(0,2),(4,6),(2,8),(0,5),(3,7),(1,5),(3,7)
153: (1,4),(6,8),(0,2),(5,7),(0,3),(5,7),(1,3),(6,8),(2,4)
154: (1,4),(6,8),(0,2),(5,7),(1,3),(5,7),(0,3),(6,8),(2,4)
155: (1,4),(6,8),(0,2),(5,7),(1,3),(6,8),(2,4),(0,7),(3,5)
156: (1,4),(6,8),(0,2),(6,8),(2,4),(0,7),(3,5),(1,7),(3,5)
157: (1,4),(6,8),(0,3),(5,7),(0,2),(5,7),(1,3),(6,8),(2,4)
158: (1,4),(6,8),(0,3),(5,7),(1,3),(5,7),(0,2),(4,6),(2,8)
159: (1,4),(6,8),(0,3),(5,7),(1,3),(5,7),(0,2),(4,8),(2,6)
160: (1,4),(6,8),(0,3),(5,7),(1,3),(5,7),(0,2),(6,8),(2,4)
161: (1,4),(6,8),(0,3),(5,7),(1,3),(6,8),(2,4),(0,7),(2,5)
162: (1,4),(6,8),(1,3),(5,7),(0,2),(4,6),(2,8),(0,5),(3,7)
163: (1,4),(6,8),(1,3),(5,7),(0,2),(5,7),(0,3),(6,8),(2,4)
164: (1,4),(6,8),(1,3),(5,7),(0,2),(6,8),(2,4),(0,7),(3,5)
165: (1,4),(6,8),(1,3),(5,7),(0,3),(5,7),(0,2),(4,6),(2,8)
166: (1,4),(6,8),(1,3),(5,7),(0,3),(5,7),(0,2),(4,8),(2,6)
167: (1,4),(6,8),(1,3),(5,7),(0,3),(5,7),(0,2),(6,8),(2,4)
168: (1,4),(6,8),(1,3),(5,7),(0,3),(6,8),(2,4),(0,7),(2,5)
169: (1,4),(6,8),(1,3),(6,8),(2,4),(0,7),(2,5),(0,7),(3,5)
170: (1,4),(6,8),(1,3),(6,8),(2,4),(0,7),(3,5),(0,7),(2,5)
171: (1,4),(6,8),(2,4),(0,6),(2,8),(0,5),(3,7),(1,5),(3,7)
172: (1,4),(6,8),(2,4),(0,6),(3,8),(1,5),(3,7),(0,5),(2,7)
173: (1,4),(6,8),(2,4),(0,7),(2,5),(0,7),(3,5),(1,8),(3,6)
174: (1,4),(6,8),(2,4),(0,7),(3,5),(1,7),(3,5),(0,8),(2,6)
175: (1,4),(6,8),(2,4),(6,8),(0,2),(5,7),(0,3),(5,7),(1,3)
176: (1,4),(6,8),(2,4),(6,8),(0,2),(5,7),(1,3),(5,7),(0,3)
177: (1,4),(6,8),(2,4),(6,8),(0,3),(5,7),(0,2),(5,7),(1,3)
178: (1,4),(6,8),(2,4),(6,8),(0,3),(5,7),(1,3),(5,7),(0,2)
179: (1,4),(6,8),(2,4),(6,8),(1,3),(5,7),(0,2),(5,7),(0,3)
180: (1,4),(6,8),(2,4),(6,8),(1,3),(5,7),(0,3),(5,7),(0,2)
181: (1,5),(3,7),(0,5),(2,7),(0,4),(2,6),(4,8),(1,6),(3,8)
182: (1,5),(3,7),(0,5),(2,7),(0,4),(2,8),(4,6),(1,8),(3,6)
183: (1,5),(3,7),(0,5),(2,7),(0,4),(6,8),(1,3),(6,8),(2,4)
184: (1,5),(3,7),(0,5),(2,7),(0,4),(6,8),(2,4),(6,8),(1,3)
185: (1,5),(3,7),(0,5),(3,8),(1,6),(4,8),(2,6),(0,4),(2,7)
186: (1,5),(3,7),(1,5),(3,8),(0,6),(2,4),(0,7),(2,4),(6,8)
187: (1,5),(3,7),(1,5),(3,8),(0,6),(2,4),(6,8),(0,2),(4,7)
188: (1,5),(3,7),(1,5),(3,8),(0,6),(2,4),(6,8),(0,4),(2,7)
189: (1,5),(3,7),(1,5),(3,8),(0,6),(2,4),(6,8),(2,4),(0,7)
190: (1,5),(3,7),(1,5),(3,8),(0,6),(2,8),(4,6),(0,2),(4,7)
191: (1,5),(3,7),(1,5),(3,8),(0,6),(4,8),(2,6),(0,4),(2,7)
192: (1,5),(3,8),(0,6),(2,4),(0,7),(2,4),(6,8),(1,3),(5,7)
193: (1,5),(3,8),(0,6),(2,4),(6,8),(1,3),(5,7),(0,2),(4,7)
194: (1,5),(3,8),(0,6),(2,4),(6,8),(2,4),(0,7),(3,5),(1,7)
195: (1,5),(3,8),(1,6),(4,8),(2,6),(0,4),(2,7),(0,5),(3,7)
196: (1,6),(3,8),(1,5),(3,7),(0,5),(2,7),(0,4),(2,6),(4,8)
197: (1,6),(3,8),(1,5),(3,7),(0,5),(2,7),(0,4),(2,8),(4,6)
198: (1,6),(3,8),(1,5),(3,7),(0,5),(2,7),(0,4),(6,8),(2,4)
199: (1,6),(3,8),(1,5),(3,7),(0,5),(2,8),(4,6),(0,2),(4,7)
200: (1,6),(4,8),(0,2),(4,6),(2,8),(0,5),(3,7),(1,5),(3,7)
201: (1,6),(4,8),(0,2),(5,7),(0,3),(5,7),(1,3),(6,8),(2,4)
202: (1,6),(4,8),(0,2),(5,7),(1,3),(5,7),(0,3),(6,8),(2,4)
203: (1,6),(4,8),(0,2),(5,7),(1,3),(6,8),(2,4),(0,7),(3,5)
204: (1,6),(4,8),(0,2),(6,8),(2,4),(0,7),(3,5),(1,7),(3,5)
205: (1,6),(4,8),(2,6),(0,4),(2,7),(0,5),(3,7),(1,5),(3,8)
206: (1,6),(4,8),(2,6),(0,4),(2,7),(0,5),(3,8),(1,5),(3,7)
207: (1,6),(4,8),(2,6),(0,4),(2,8),(0,5),(3,7),(1,5),(3,7)
208: (1,6),(4,8),(2,6),(0,8),(2,4),(0,7),(3,5),(1,7),(3,5)
209: (1,6),(4,8),(2,6),(0,8),(3,5),(1,7),(3,5),(0,7),(2,4)
210: (1,6),(4,8),(2,6),(4,8),(0,2),(5,7),(0,3),(5,7),(1,3)
211: (1,6),(4,8),(2,6),(4,8),(0,2),(5,7),(1,3),(5,7),(0,3)
212: (1,7),(3,5),(0,7),(2,4),(0,6),(2,4),(6,8),(1,3),(5,8)
213: (1,7),(3,5),(0,7),(2,4),(0,6),(2,8),(4,6),(1,8),(3,5)
214: (1,7),(3,5),(0,7),(2,4),(6,8),(0,2),(4,6),(1,8),(3,5)
215: (1,7),(3,5),(0,7),(2,4),(6,8),(1,3),(5,8),(0,2),(4,6)
216: (1,7),(3,5),(0,7),(2,4),(6,8),(2,4),(0,6),(3,8),(1,5)
217: (1,7),(3,5),(0,7),(3,5),(1,8),(4,6),(0,2),(4,6),(2,8)
218: (1,7),(3,5),(0,7),(3,5),(1,8),(4,6),(0,2),(4,8),(2,6)
219: (1,7),(3,5),(0,7),(3,5),(1,8),(4,6),(0,2),(6,8),(2,4)
220: (1,7),(3,5),(0,7),(3,5),(1,8),(4,6),(2,8),(0,4),(2,6)
221: (1,7),(3,5),(0,7),(3,5),(1,8),(4,6),(2,8),(0,6),(2,4)
222: (1,7),(3,5),(0,7),(3,5),(1,8),(4,6),(2,8),(4,6),(0,2)
223: (1,7),(3,5),(0,8),(2,4),(0,6),(2,4),(6,8),(1,3),(5,7)
224: (1,7),(3,5),(0,8),(2,4),(6,8),(1,3),(5,7),(0,2),(4,6)
225: (1,7),(3,5),(0,8),(4,6),(0,2),(5,7),(1,3),(6,8),(2,4)
226: (1,7),(3,5),(0,8),(4,6),(2,8),(4,6),(0,2),(5,7),(1,3)
227: (1,7),(3,5),(1,7),(3,5),(0,8),(2,4),(0,6),(2,4),(6,8)
228: (1,7),(3,5),(1,7),(3,5),(0,8),(2,4),(0,6),(2,8),(4,6)
229: (1,7),(3,5),(1,7),(3,5),(0,8),(2,4),(0,6),(4,8),(2,6)
230: (1,7),(3,5),(1,7),(3,5),(0,8),(2,4),(6,8),(0,2),(4,6)
231: (1,7),(3,5),(1,7),(3,5),(0,8),(2,4),(6,8),(0,4),(2,6)
232: (1,7),(3,5),(1,7),(3,5),(0,8),(2,4),(6,8),(2,4),(0,6)
233: (1,7),(3,5),(1,7),(3,5),(0,8),(2,6),(0,4),(2,6),(4,8)
234: (1,7),(3,5),(1,7),(3,5),(0,8),(2,6),(0,4),(2,8),(4,6)
235: (1,7),(3,5),(1,7),(3,5),(0,8),(2,6),(0,4),(6,8),(2,4)
236: (1,7),(3,5),(1,7),(3,5),(0,8),(2,6),(4,8),(0,2),(4,6)
237: (1,7),(3,5),(1,7),(3,5),(0,8),(2,6),(4,8),(0,6),(2,4)
238: (1,7),(3,5),(1,7),(3,5),(0,8),(2,6),(4,8),(2,6),(0,4)
239: (1,7),(3,5),(1,7),(3,5),(0,8),(4,6),(0,2),(4,6),(2,8)
240: (1,7),(3,5),(1,7),(3,5),(0,8),(4,6),(0,2),(4,8),(2,6)
241: (1,7),(3,5),(1,7),(3,5),(0,8),(4,6),(0,2),(6,8),(2,4)
242: (1,7),(3,5),(1,7),(3,5),(0,8),(4,6),(2,8),(0,4),(2,6)
243: (1,7),(3,5),(1,7),(3,5),(0,8),(4,6),(2,8),(0,6),(2,4)
244: (1,7),(3,5),(1,7),(3,5),(0,8),(4,6),(2,8),(4,6),(0,2)
245: (1,7),(3,5),(1,8),(3,5),(0,7),(2,4),(0,6),(2,4),(6,8)
246: (1,7),(3,5),(1,8),(3,5),(0,7),(2,4),(0,6),(2,8),(4,6)
247: (1,7),(3,5),(1,8),(3,5),(0,7),(2,4),(0,6),(4,8),(2,6)
248: (1,7),(3,5),(1,8),(3,5),(0,7),(2,4),(6,8),(0,2),(4,6)
249: (1,7),(3,5),(1,8),(3,5),(0,7),(2,4),(6,8),(0,4),(2,6)
250: (1,7),(3,5),(1,8),(3,5),(0,7),(2,4),(6,8),(2,4),(0,6)
251: (1,7),(3,5),(1,8),(4,6),(0,2),(4,6),(2,8),(0,5),(3,7)
252: (1,7),(3,5),(1,8),(4,6),(0,2),(5,7),(0,3),(6,8),(2,4)
253: (1,7),(3,5),(1,8),(4,6),(0,2),(6,8),(2,4),(0,7),(3,5)
254: (1,7),(3,5),(1,8),(4,6),(2,8),(0,6),(2,4),(0,7),(3,5)
255: (1,7),(3,5),(1,8),(4,6),(2,8),(4,6),(0,2),(5,7),(0,3)
256: (1,8),(3,5),(0,7),(2,4),(0,6),(2,4),(6,8),(1,3),(5,7)
257: (1,8),(3,5),(0,7),(2,4),(6,8),(1,3),(5,7),(0,2),(4,6)
258: (1,8),(3,5),(1,7),(3,5),(0,7),(2,4),(0,6),(2,4),(6,8)
259: (1,8),(3,5),(1,7),(3,5),(0,7),(2,4),(0,6),(2,8),(4,6)
260: (1,8),(3,5),(1,7),(3,5),(0,7),(2,4),(0,6),(4,8),(2,6)
261: (1,8),(3,5),(1,7),(3,5),(0,7),(2,4),(6,8),(0,2),(4,6)
262: (1,8),(3,5),(1,7),(3,5),(0,7),(2,4),(6,8),(0,4),(2,6)
263: (1,8),(3,5),(1,7),(3,5),(0,7),(2,4),(6,8),(2,4),(0,6)
264: (1,8),(4,6),(0,2),(4,6),(2,8),(0,5),(3,7),(1,5),(3,7)
265: (1,8),(4,6),(0,2),(5,7),(0,3),(5,7),(1,3),(6,8),(2,4)
266: (1,8),(4,6),(0,2),(5,7),(1,3),(5,7),(0,3),(6,8),(2,4)
267: (1,8),(4,6),(0,2),(5,7),(1,3),(6,8),(2,4),(0,7),(3,5)
268: (1,8),(4,6),(0,2),(6,8),(2,4),(0,7),(3,5),(1,7),(3,5)
269: (1,8),(4,6),(2,8),(0,6),(2,4),(0,7),(3,5),(1,7),(3,5)
270: (1,8),(4,6),(2,8),(4,6),(0,2),(5,7),(0,3),(5,7),(1,3)
271: (1,8),(4,6),(2,8),(4,6),(0,2),(5,7),(1,3),(5,7),(0,3)
272: (2,4),(0,6),(2,8),(0,4),(6,8),(1,3),(5,7),(1,3),(5,7)
273: (2,4),(0,6),(2,8),(4,6),(0,8),(3,5),(1,7),(3,5),(1,7)
274: (2,4),(0,6),(2,8),(4,6),(1,8),(3,5),(0,7),(3,5),(1,7)
275: (2,4),(0,6),(2,8),(4,6),(1,8),(3,5),(1,7),(3,5),(0,7)
276: (2,4),(0,6),(3,8),(1,6),(4,8),(0,2),(5,7),(1,3),(5,7)
277: (2,4),(0,6),(4,8),(0,2),(5,7),(1,3),(5,7),(1,3),(6,8)
278: (2,4),(0,6),(4,8),(0,2),(5,7),(1,3),(6,8),(1,3),(5,7)
279: (2,4),(0,6),(4,8),(0,2),(6,8),(1,3),(5,7),(1,3),(5,7)
280: (2,4),(0,6),(4,8),(1,6),(3,8),(1,5),(3,7),(0,5),(2,7)
281: (2,4),(0,6),(4,8),(2,6),(0,8),(3,5),(1,7),(3,5),(1,7)
282: (2,4),(0,7),(2,5),(0,7),(3,5),(1,8),(3,6),(1,8),(4,6)
283: (2,4),(0,7),(2,5),(0,7),(3,5),(1,8),(4,6),(1,8),(3,6)
284: (2,4),(0,7),(3,5),(1,7),(3,5),(0,8),(2,6),(4,8),(1,6)
285: (2,4),(0,7),(3,5),(1,7),(3,5),(1,8),(4,6),(0,2),(6,8)
286: (2,4),(0,7),(3,5),(1,7),(3,5),(1,8),(4,6),(0,8),(2,6)
287: (2,4),(0,7),(3,5),(1,7),(3,5),(1,8),(4,6),(2,8),(0,6)
288: (2,4),(0,7),(3,5),(1,8),(3,6),(1,8),(4,6),(0,2),(5,7)
289: (2,4),(0,7),(3,5),(1,8),(4,6),(0,2),(5,7),(1,3),(6,8)
290: (2,4),(0,7),(3,5),(1,8),(4,6),(0,2),(6,8),(1,3),(5,7)
291: (2,4),(0,8),(2,6),(0,4),(6,8),(1,3),(5,7),(1,3),(5,7)
292: (2,4),(0,8),(3,6),(1,8),(4,6),(0,2),(5,7),(1,3),(5,7)
293: (2,4),(0,8),(4,6),(0,2),(5,7),(1,3),(5,7),(1,3),(6,8)
294: (2,4),(0,8),(4,6),(0,2),(5,7),(1,3),(6,8),(1,3),(5,7)
295: (2,4),(0,8),(4,6),(0,2),(6,8),(1,3),(5,7),(1,3),(5,7)
296: (2,4),(6,8),(0,2),(4,6),(0,8),(3,5),(1,7),(3,5),(1,7)
297: (2,4),(6,8),(0,2),(4,6),(1,8),(3,5),(0,7),(3,5),(1,7)
298: (2,4),(6,8),(0,2),(4,6),(1,8),(3,5),(1,7),(3,5),(0,7)
299: (2,4),(6,8),(0,2),(5,7),(0,3),(5,7),(1,3),(6,8),(1,4)
300: (2,4),(6,8),(0,2),(5,7),(1,3),(5,7),(0,3),(6,8),(1,4)
301: (2,4),(6,8),(0,2),(5,7),(1,3),(5,7),(1,3),(6,8),(0,4)
302: (2,4),(6,8),(0,3),(5,7),(0,2),(4,6),(1,8),(3,5),(1,7)
303: (2,4),(6,8),(0,3),(5,7),(0,2),(5,7),(1,3),(6,8),(1,4)
304: (2,4),(6,8),(0,3),(5,7),(1,3),(5,7),(0,2),(4,6),(1,8)
305: (2,4),(6,8),(0,3),(5,7),(1,3),(5,7),(0,2),(4,8),(1,6)
306: (2,4),(6,8),(0,3),(5,7),(1,3),(5,7),(0,2),(6,8),(1,4)
307: (2,4),(6,8),(0,4),(2,6),(0,8),(3,5),(1,7),(3,5),(1,7)
308: (2,4),(6,8),(0,4),(2,7),(0,5),(3,7),(1,5),(3,8),(1,6)
309: (2,4),(6,8),(0,4),(6,8),(0,2),(5,7),(1,3),(5,7),(1,3)
310: (2,4),(6,8),(0,4),(6,8),(1,3),(5,7),(0,2),(5,7),(1,3)
311: (2,4),(6,8),(0,4),(6,8),(1,3),(5,7),(1,3),(5,7),(0,2)
312: (2,4),(6,8),(1,3),(5,7),(0,2),(4,6),(0,8),(3,5),(1,7)
313: (2,4),(6,8),(1,3),(5,7),(0,2),(4,6),(1,8),(3,5),(0,7)
314: (2,4),(6,8),(1,3),(5,7),(0,2),(5,7),(0,3),(6,8),(1,4)
315: (2,4),(6,8),(1,3),(5,7),(0,2),(5,7),(1,3),(6,8),(0,4)
316: (2,4),(6,8),(1,3),(5,7),(0,3),(5,7),(0,2),(4,6),(1,8)
317: (2,4),(6,8),(1,3),(5,7),(0,3),(5,7),(0,2),(4,8),(1,6)
318: (2,4),(6,8),(1,3),(5,7),(0,3),(5,7),(0,2),(6,8),(1,4)
319: (2,4),(6,8),(1,3),(5,7),(1,3),(5,7),(0,2),(4,6),(0,8)
320: (2,4),(6,8),(1,3),(5,7),(1,3),(5,7),(0,2),(4,8),(0,6)
321: (2,4),(6,8),(1,3),(5,7),(1,3),(5,7),(0,2),(6,8),(0,4)
322: (2,4),(6,8),(1,3),(5,7),(1,3),(6,8),(0,4),(2,7),(0,5)
323: (2,4),(6,8),(1,3),(6,8),(0,4),(2,7),(0,5),(3,7),(1,5)
324: (2,4),(6,8),(1,4),(6,8),(0,2),(5,7),(0,3),(5,7),(1,3)
325: (2,4),(6,8),(1,4),(6,8),(0,2),(5,7),(1,3),(5,7),(0,3)
326: (2,4),(6,8),(1,4),(6,8),(0,3),(5,7),(0,2),(5,7),(1,3)
327: (2,4),(6,8),(1,4),(6,8),(0,3),(5,7),(1,3),(5,7),(0,2)
328: (2,4),(6,8),(1,4),(6,8),(1,3),(5,7),(0,2),(5,7),(0,3)
329: (2,4),(6,8),(1,4),(6,8),(1,3),(5,7),(0,3),(5,7),(0,2)
330: (2,5),(0,7),(2,4),(0,6),(4,8),(1,6),(3,8),(1,5),(3,7)
331: (2,5),(0,7),(2,4),(0,7),(3,5),(1,8),(3,6),(1,8),(4,6)
332: (2,5),(0,7),(2,4),(0,7),(3,5),(1,8),(4,6),(1,8),(3,6)
333: (2,5),(0,7),(2,4),(6,8),(0,3),(5,7),(1,3),(6,8),(1,4)
334: (2,5),(0,7),(2,4),(6,8),(0,4),(6,8),(1,3),(5,7),(1,3)
335: (2,5),(0,7),(2,4),(6,8),(1,3),(5,7),(0,3),(6,8),(1,4)
336: (2,5),(0,7),(2,4),(6,8),(1,3),(5,7),(1,3),(6,8),(0,4)
337: (2,5),(0,7),(2,4),(6,8),(1,4),(6,8),(0,3),(5,7),(1,3)
338: (2,5),(0,7),(2,4),(6,8),(1,4),(6,8),(1,3),(5,7),(0,3)
339: (2,5),(0,7),(3,5),(0,7),(2,4),(6,8),(1,3),(6,8),(1,4)
340: (2,5),(0,7),(3,5),(0,7),(2,4),(6,8),(1,4),(6,8),(1,3)
341: (2,5),(0,7),(3,5),(1,8),(3,6),(1,8),(4,6),(0,2),(4,7)
342: (2,6),(0,4),(2,7),(0,4),(6,8),(1,3),(5,7),(1,3),(5,8)
343: (2,6),(0,4),(2,7),(0,4),(6,8),(1,3),(5,8),(1,3),(5,7)
344: (2,6),(0,4),(2,7),(0,5),(3,7),(1,5),(3,8),(1,6),(4,8)
345: (2,6),(0,4),(2,8),(0,4),(6,8),(1,3),(5,7),(1,3),(5,7)
346: (2,6),(0,4),(2,8),(4,6),(0,8),(3,5),(1,7),(3,5),(1,7)
347: (2,6),(0,4),(2,8),(4,6),(1,8),(3,5),(0,7),(3,5),(1,7)
348: (2,6),(0,4),(2,8),(4,6),(1,8),(3,5),(1,7),(3,5),(0,7)
349: (2,6),(0,4),(6,8),(1,3),(5,7),(1,3),(5,7),(0,2),(4,8)
350: (2,6),(0,4),(6,8),(1,3),(5,7),(1,3),(5,8),(0,2),(4,7)
351: (2,6),(0,4),(6,8),(1,3),(5,8),(1,3),(5,7),(0,2),(4,7)
352: (2,6),(0,4),(6,8),(2,4),(0,7),(3,5),(1,7),(3,5),(1,8)
353: (2,6),(0,4),(6,8),(2,4),(0,7),(3,5),(1,8),(3,5),(1,7)
354: (2,6),(0,4),(6,8),(2,4),(0,8),(3,5),(1,7),(3,5),(1,7)
355: (2,6),(0,8),(2,4),(0,7),(3,5),(1,7),(3,5),(1,8),(4,6)
356: (2,6),(0,8),(3,5),(1,7),(3,5),(0,7),(2,4),(6,8),(1,4)
357: (2,6),(0,8),(3,5),(1,7),(3,5),(1,8),(4,6),(0,2),(4,7)
358: (2,6),(0,8),(4,6),(1,8),(3,5),(1,7),(3,5),(0,7),(2,4)
359: (2,6),(4,8),(0,2),(4,6),(0,8),(3,5),(1,7),(3,5),(1,7)
360: (2,6),(4,8),(0,2),(4,6),(1,8),(3,5),(0,7),(3,5),(1,7)
361: (2,6),(4,8),(0,2),(4,6),(1,8),(3,5),(1,7),(3,5),(0,7)
362: (2,6),(4,8),(0,2),(5,7),(0,3),(5,7),(1,3),(6,8),(1,4)
363: (2,6),(4,8),(0,2),(5,7),(1,3),(5,7),(0,3),(6,8),(1,4)
364: (2,6),(4,8),(0,2),(5,7),(1,3),(5,7),(1,3),(6,8),(0,4)
365: (2,6),(4,8),(0,6),(2,4),(0,7),(3,5),(1,7),(3,5),(1,8)
366: (2,6),(4,8),(0,6),(2,4),(0,7),(3,5),(1,8),(3,5),(1,7)
367: (2,6),(4,8),(0,6),(2,4),(0,8),(3,5),(1,7),(3,5),(1,7)
368: (2,6),(4,8),(0,6),(4,8),(0,2),(5,7),(1,3),(5,7),(1,3)
369: (2,6),(4,8),(1,6),(3,8),(1,5),(3,7),(0,5),(2,7),(0,4)
370: (2,6),(4,8),(1,6),(4,8),(0,2),(5,7),(0,3),(5,7),(1,3)
371: (2,6),(4,8),(1,6),(4,8),(0,2),(5,7),(1,3),(5,7),(0,3)
372: (2,7),(0,4),(2,6),(0,4),(6,8),(1,3),(5,7),(1,3),(5,8)
373: (2,7),(0,4),(2,6),(0,4),(6,8),(1,3),(5,8),(1,3),(5,7)
374: (2,7),(0,4),(2,6),(0,8),(3,5),(1,7),(3,5),(1,8),(4,6)
375: (2,7),(0,4),(2,6),(0,8),(4,6),(1,8),(3,5),(1,7),(3,5)
376: (2,7),(0,4),(2,6),(4,8),(0,6),(3,8),(1,5),(3,7),(1,5)
377: (2,7),(0,4),(2,6),(4,8),(1,6),(3,8),(0,5),(3,7),(1,5)
378: (2,7),(0,4),(2,6),(4,8),(1,6),(3,8),(1,5),(3,7),(0,5)
379: (2,7),(0,4),(6,8),(0,2),(4,6),(1,8),(3,5),(1,7),(3,5)
380: (2,7),(0,4),(6,8),(1,3),(5,7),(0,2),(4,6),(1,8),(3,5)
381: (2,7),(0,4),(6,8),(1,3),(5,7),(1,3),(5,8),(0,2),(4,6)
382: (2,7),(0,4),(6,8),(1,3),(5,8),(1,3),(5,7),(0,2),(4,6)
383: (2,7),(0,4),(6,8),(2,4),(0,6),(3,8),(1,5),(3,7),(1,5)
384: (2,7),(0,5),(3,7),(1,5),(3,8),(0,6),(2,4),(6,8),(1,4)
385: (2,7),(0,5),(3,7),(1,5),(3,8),(1,6),(4,8),(0,2),(4,6)
386: (2,7),(0,5),(3,7),(1,5),(3,8),(1,6),(4,8),(0,6),(2,4)
387: (2,7),(0,5),(3,7),(1,5),(3,8),(1,6),(4,8),(2,6),(0,4)
388: (2,8),(0,4),(2,6),(0,4),(6,8),(1,3),(5,7),(1,3),(5,7)
389: (2,8),(0,4),(6,8),(1,3),(5,7),(1,3),(5,7),(0,2),(4,6)
390: (2,8),(0,6),(2,4),(0,7),(3,5),(1,7),(3,5),(1,8),(4,6)
391: (2,8),(4,6),(0,2),(4,6),(0,8),(3,5),(1,7),(3,5),(1,7)
392: (2,8),(4,6),(0,2),(4,6),(1,8),(3,5),(0,7),(3,5),(1,7)
393: (2,8),(4,6),(0,2),(4,6),(1,8),(3,5),(1,7),(3,5),(0,7)
394: (2,8),(4,6),(0,2),(5,7),(0,3),(5,7),(1,3),(6,8),(1,4)
395: (2,8),(4,6),(0,2),(5,7),(1,3),(5,7),(0,3),(6,8),(1,4)
396: (2,8),(4,6),(0,2),(5,7),(1,3),(5,7),(1,3),(6,8),(0,4)
397: (2,8),(4,6),(0,8),(4,6),(0,2),(5,7),(1,3),(5,7),(1,3)
398: (2,8),(4,6),(1,8),(3,5),(1,7),(3,5),(0,7),(2,4),(0,6)
399: (2,8),(4,6),(1,8),(4,6),(0,2),(5,7),(0,3),(5,7),(1,3)
400: (2,8),(4,6),(1,8),(4,6),(0,2),(5,7),(1,3),(5,7),(0,3)
401: (3,5),(0,7),(2,4),(0,6),(2,8),(4,6),(1,8),(3,5),(1,7)
402: (3,5),(0,7),(2,4),(6,8),(0,2),(4,6),(1,8),(3,5),(1,7)
403: (3,5),(0,7),(2,4),(6,8),(0,2),(5,7),(1,3),(6,8),(1,4)
404: (3,5),(0,7),(2,4),(6,8),(1,3),(5,7),(0,2),(4,6),(1,8)
405: (3,5),(0,7),(2,4),(6,8),(1,3),(5,7),(0,2),(4,8),(1,6)
406: (3,5),(0,7),(2,4),(6,8),(1,3),(5,7),(0,2),(6,8),(1,4)
407: (3,5),(0,7),(2,4),(6,8),(1,4),(6,8),(0,2),(5,7),(1,3)
408: (3,5),(0,7),(2,4),(6,8),(1,4),(6,8),(1,3),(5,7),(0,2)
409: (3,5),(0,7),(2,5),(0,7),(2,4),(6,8),(1,3),(6,8),(1,4)
410: (3,5),(0,7),(2,5),(0,7),(2,4),(6,8),(1,4),(6,8),(1,3)
411: (3,5),(1,7),(3,5),(0,7),(2,4),(0,6),(2,8),(4,6),(1,8)
412: (3,5),(1,7),(3,5),(0,7),(2,4),(0,8),(2,6),(4,8),(1,6)
413: (3,5),(1,7),(3,5),(0,7),(2,4),(6,8),(0,2),(4,6),(1,8)
414: (3,5),(1,7),(3,5),(0,7),(2,4),(6,8),(0,2),(4,8),(1,6)
415: (3,5),(1,7),(3,5),(0,7),(2,4),(6,8),(0,2),(6,8),(1,4)
416: (3,5),(1,7),(3,5),(0,7),(2,4),(6,8),(1,4),(6,8),(0,2)
417: (3,5),(1,7),(3,5),(1,8),(4,6),(0,2),(4,7),(0,2),(6,8)
418: (3,5),(1,7),(3,5),(1,8),(4,6),(0,2),(6,8),(0,2),(4,7)
419: (3,5),(1,7),(3,5),(1,8),(4,6),(0,2),(6,8),(0,4),(2,7)
420: (3,5),(1,7),(3,5),(1,8),(4,6),(0,2),(6,8),(2,4),(0,7)
421: (3,5),(1,7),(3,5),(1,8),(4,6),(0,8),(2,6),(0,4),(2,7)
422: (3,5),(1,7),(3,5),(1,8),(4,6),(2,8),(0,6),(2,4),(0,7)
423: (3,5),(1,8),(3,6),(1,8),(4,6),(0,2),(4,7),(0,2),(5,7)
424: (3,5),(1,8),(3,6),(1,8),(4,6),(0,2),(5,7),(0,2),(4,7)
425: (3,5),(1,8),(4,6),(0,2),(4,7),(0,2),(5,7),(1,3),(6,8)
426: (3,5),(1,8),(4,6),(0,2),(4,7),(0,2),(6,8),(1,3),(5,7)
427: (3,5),(1,8),(4,6),(0,2),(5,7),(1,3),(6,8),(0,2),(4,7)
428: (3,5),(1,8),(4,6),(0,2),(5,7),(1,3),(6,8),(0,4),(2,7)
429: (3,5),(1,8),(4,6),(0,2),(5,7),(1,3),(6,8),(2,4),(0,7)
430: (3,5),(1,8),(4,6),(0,2),(6,8),(1,3),(5,7),(0,2),(4,7)
431: (3,5),(1,8),(4,6),(0,2),(6,8),(2,4),(0,7),(3,5),(1,7)
432: (3,5),(1,8),(4,6),(2,8),(0,6),(2,4),(0,7),(3,5),(1,7)
433: (3,6),(1,8),(3,5),(0,7),(2,5),(0,7),(2,4),(6,8),(1,4)
434: (3,6),(1,8),(3,5),(1,8),(4,6),(0,2),(4,7),(0,2),(5,7)
435: (3,6),(1,8),(3,5),(1,8),(4,6),(0,2),(5,7),(0,2),(4,7)
436: (3,6),(1,8),(4,6),(0,2),(4,7),(0,2),(5,7),(1,3),(5,8)
437: (3,6),(1,8),(4,6),(0,2),(4,7),(0,2),(5,8),(1,3),(5,7)
438: (3,6),(1,8),(4,6),(0,2),(4,8),(0,2),(5,7),(1,3),(5,7)
439: (3,6),(1,8),(4,6),(0,2),(5,7),(1,3),(5,7),(0,2),(4,8)
440: (3,6),(1,8),(4,6),(0,2),(5,7),(1,3),(5,8),(0,2),(4,7)
441: (3,6),(1,8),(4,6),(0,2),(5,8),(1,3),(5,7),(0,2),(4,7)
442: (3,6),(1,8),(4,6),(1,8),(3,5),(0,7),(2,4),(0,7),(2,5)
443: (3,6),(1,8),(4,6),(1,8),(3,5),(0,7),(2,5),(0,7),(2,4)
444: (3,6),(1,8),(4,6),(2,8),(0,4),(2,7),(0,5),(3,7),(1,5)
445: (3,7),(0,5),(2,7),(0,4),(2,6),(4,8),(1,6),(3,8),(1,5)
446: (3,7),(0,5),(2,8),(4,6),(0,2),(4,6),(1,8),(3,5),(1,7)
447: (3,7),(0,5),(2,8),(4,6),(0,2),(5,7),(1,3),(6,8),(1,4)
448: (3,7),(0,5),(2,8),(4,6),(1,8),(4,6),(0,2),(5,7),(1,3)
449: (3,7),(1,5),(3,7),(0,5),(2,8),(0,4),(2,6),(4,8),(1,6)
450: (3,7),(1,5),(3,7),(0,5),(2,8),(0,6),(2,4),(6,8),(1,4)
451: (3,7),(1,5),(3,7),(0,5),(2,8),(4,6),(0,2),(4,6),(1,8)
452: (3,7),(1,5),(3,7),(0,5),(2,8),(4,6),(0,2),(4,8),(1,6)
453: (3,7),(1,5),(3,7),(0,5),(2,8),(4,6),(0,2),(6,8),(1,4)
454: (3,7),(1,5),(3,7),(0,5),(2,8),(4,6),(1,8),(4,6),(0,2)
455: (3,7),(1,5),(3,8),(0,5),(2,7),(0,4),(2,6),(4,8),(1,6)
456: (3,7),(1,5),(3,8),(1,6),(4,8),(0,2),(4,6),(0,2),(5,7)
457: (3,7),(1,5),(3,8),(1,6),(4,8),(0,2),(5,7),(0,2),(4,6)
458: (3,7),(1,5),(3,8),(1,6),(4,8),(0,6),(2,4),(0,7),(2,5)
459: (3,7),(1,5),(3,8),(1,6),(4,8),(2,6),(0,4),(2,7),(0,5)
460: (3,8),(1,5),(3,7),(0,5),(2,7),(0,4),(2,6),(4,8),(1,6)
461: (3,8),(1,6),(4,8),(0,2),(4,6),(0,2),(5,7),(1,3),(5,7)
462: (3,8),(1,6),(4,8),(0,2),(5,7),(1,3),(5,7),(0,2),(4,6)
463: (3,8),(1,6),(4,8),(2,6),(0,4),(2,7),(0,5),(3,7),(1,5)
464: (4,6),(0,2),(4,7),(0,2),(5,7),(1,3),(5,8),(1,3),(6,8)
465: (4,6),(0,2),(4,7),(0,2),(5,7),(1,3),(6,8),(1,3),(5,8)
466: (4,6),(0,2),(4,7),(0,2),(5,8),(1,3),(5,7),(1,3),(6,8)
467: (4,6),(0,2),(4,7),(0,2),(5,8),(1,3),(6,8),(1,3),(5,7)
468: (4,6),(0,2),(4,7),(0,2),(6,8),(1,3),(5,7),(1,3),(5,8)
469: (4,6),(0,2),(4,7),(0,2),(6,8),(1,3),(5,8),(1,3),(5,7)
470: (4,6),(0,2),(4,8),(0,2),(5,7),(1,3),(5,7),(1,3),(6,8)
471: (4,6),(0,2),(4,8),(0,2),(5,7),(1,3),(6,8),(1,3),(5,7)
472: (4,6),(0,2),(4,8),(0,2),(6,8),(1,3),(5,7),(1,3),(5,7)
473: (4,6),(0,2),(4,8),(1,6),(3,8),(1,5),(3,7),(0,5),(2,7)
474: (4,6),(0,2),(4,8),(2,6),(0,8),(3,5),(1,7),(3,5),(1,7)
475: (4,6),(0,2),(5,7),(0,2),(4,8),(1,6),(3,8),(1,5),(3,7)
476: (4,6),(0,2),(5,7),(1,3),(5,7),(0,2),(4,8),(1,6),(3,8)
477: (4,6),(0,2),(5,7),(1,3),(5,7),(1,3),(6,8),(0,2),(4,8)
478: (4,6),(0,2),(5,7),(1,3),(5,7),(1,3),(6,8),(0,4),(2,8)
479: (4,6),(0,2),(5,7),(1,3),(5,7),(1,3),(6,8),(2,4),(0,8)
480: (4,6),(0,2),(5,7),(1,3),(5,8),(1,3),(6,8),(0,2),(4,7)
481: (4,6),(0,2),(5,7),(1,3),(5,8),(1,3),(6,8),(0,4),(2,7)
482: (4,6),(0,2),(5,7),(1,3),(5,8),(1,3),(6,8),(2,4),(0,7)
483: (4,6),(0,2),(5,7),(1,3),(6,8),(1,3),(5,7),(0,2),(4,8)
484: (4,6),(0,2),(5,7),(1,3),(6,8),(1,3),(5,8),(0,2),(4,7)
485: (4,6),(0,2),(5,7),(1,3),(6,8),(2,4),(0,7),(3,5),(1,8)
486: (4,6),(0,2),(5,7),(1,3),(6,8),(2,4),(0,8),(3,5),(1,7)
487: (4,6),(0,2),(5,8),(1,3),(5,7),(1,3),(6,8),(0,2),(4,7)
488: (4,6),(0,2),(5,8),(1,3),(5,7),(1,3),(6,8),(0,4),(2,7)
489: (4,6),(0,2),(5,8),(1,3),(5,7),(1,3),(6,8),(2,4),(0,7)
490: (4,6),(0,2),(5,8),(1,3),(6,8),(1,3),(5,7),(0,2),(4,7)
491: (4,6),(0,2),(5,8),(1,3),(6,8),(2,4),(0,7),(3,5),(1,7)
492: (4,6),(0,2),(6,8),(1,3),(5,7),(1,3),(5,7),(0,2),(4,8)
493: (4,6),(0,2),(6,8),(1,3),(5,7),(1,3),(5,8),(0,2),(4,7)
494: (4,6),(0,2),(6,8),(1,3),(5,8),(1,3),(5,7),(0,2),(4,7)
495: (4,6),(0,2),(6,8),(2,4),(0,7),(3,5),(1,7),(3,5),(1,8)
496: (4,6),(0,2),(6,8),(2,4),(0,7),(3,5),(1,8),(3,5),(1,7)
497: (4,6),(0,2),(6,8),(2,4),(0,8),(3,5),(1,7),(3,5),(1,7)
498: (4,6),(0,8),(2,4),(6,8),(0,2),(5,7),(1,3),(5,7),(1,3)
499: (4,6),(0,8),(2,4),(6,8),(1,3),(5,7),(0,2),(5,7),(1,3)
500: (4,6),(0,8),(2,4),(6,8),(1,3),(5,7),(1,3),(5,7),(0,2)
501: (4,6),(0,8),(2,5),(0,7),(2,4),(6,8),(1,3),(5,7),(1,3)
502: (4,6),(0,8),(2,6),(4,8),(0,2),(5,7),(1,3),(5,7),(1,3)
503: (4,6),(1,8),(3,5),(0,7),(2,4),(6,8),(0,2),(5,7),(1,3)
504: (4,6),(1,8),(3,5),(0,7),(2,4),(6,8),(1,3),(5,7),(0,2)
505: (4,6),(1,8),(3,5),(0,7),(2,5),(0,7),(2,4),(6,8),(1,3)
506: (4,6),(1,8),(3,5),(1,7),(3,5),(0,7),(2,4),(0,6),(2,8)
507: (4,6),(1,8),(3,5),(1,7),(3,5),(0,7),(2,4),(0,8),(2,6)
508: (4,6),(1,8),(3,5),(1,7),(3,5),(0,7),(2,4),(6,8),(0,2)
509: (4,6),(1,8),(3,5),(1,7),(3,5),(0,8),(2,6),(0,4),(2,7)
510: (4,6),(1,8),(3,6),(1,8),(3,5),(0,7),(2,4),(0,7),(2,5)
511: (4,6),(1,8),(3,6),(1,8),(3,5),(0,7),(2,5),(0,7),(2,4)
512: (4,6),(2,8),(0,4),(2,6),(0,8),(3,5),(1,7),(3,5),(1,7)
513: (4,6),(2,8),(0,4),(2,7),(0,5),(3,7),(1,5),(3,8),(1,6)
514: (4,6),(2,8),(0,4),(6,8),(0,2),(5,7),(1,3),(5,7),(1,3)
515: (4,6),(2,8),(0,4),(6,8),(1,3),(5,7),(0,2),(5,7),(1,3)
516: (4,6),(2,8),(0,4),(6,8),(1,3),(5,7),(1,3),(5,7),(0,2)
517: (4,6),(2,8),(0,5),(2,7),(0,4),(6,8),(1,3),(5,7),(1,3)
518: (4,6),(2,8),(0,6),(2,4),(0,7),(3,5),(1,7),(3,5),(1,8)
519: (4,6),(2,8),(0,6),(2,4),(0,7),(3,5),(1,8),(3,5),(1,7)
520: (4,6),(2,8),(0,6),(2,4),(0,8),(3,5),(1,7),(3,5),(1,7)
521: (4,6),(2,8),(0,6),(4,8),(0,2),(5,7),(1,3),(5,7),(1,3)
522: (4,7),(0,2),(4,6),(0,2),(5,7),(1,3),(5,8),(1,3),(6,8)
523: (4,7),(0,2),(4,6),(0,2),(5,7),(1,3),(6,8),(1,3),(5,8)
524: (4,7),(0,2),(4,6),(0,2),(5,8),(1,3),(5,7),(1,3),(6,8)
525: (4,7),(0,2),(4,6),(0,2),(5,8),(1,3),(6,8),(1,3),(5,7)
526: (4,7),(0,2),(4,6),(0,2),(6,8),(1,3),(5,7),(1,3),(5,8)
527: (4,7),(0,2),(4,6),(0,2),(6,8),(1,3),(5,8),(1,3),(5,7)
528: (4,7),(0,2),(4,6),(1,8),(3,5),(1,7),(3,5),(0,8),(2,6)
529: (4,7),(0,2),(4,6),(1,8),(3,6),(1,8),(3,5),(0,7),(2,5)
530: (4,7),(0,2),(4,6),(2,8),(0,5),(3,7),(1,5),(3,8),(1,6)
531: (4,7),(0,2),(4,6),(2,8),(0,6),(3,8),(1,5),(3,7),(1,5)
532: (4,7),(0,2),(5,7),(0,2),(4,6),(1,8),(3,5),(1,8),(3,6)
533: (4,7),(0,2),(5,7),(0,2),(4,6),(1,8),(3,6),(1,8),(3,5)
534: (4,7),(0,2),(5,7),(1,3),(5,8),(0,2),(4,6),(1,8),(3,6)
535: (4,7),(0,2),(5,7),(1,3),(5,8),(1,3),(6,8),(0,2),(4,6)
536: (4,7),(0,2),(5,7),(1,3),(5,8),(1,3),(6,8),(0,4),(2,6)
537: (4,7),(0,2),(5,7),(1,3),(5,8),(1,3),(6,8),(2,4),(0,6)
538: (4,7),(0,2),(5,7),(1,3),(6,8),(0,2),(4,6),(1,8),(3,5)
539: (4,7),(0,2),(5,7),(1,3),(6,8),(1,3),(5,8),(0,2),(4,6)
540: (4,7),(0,2),(5,7),(1,3),(6,8),(2,4),(0,6),(3,8),(1,5)
541: (4,7),(0,2),(5,8),(1,3),(5,7),(0,2),(4,6),(1,8),(3,6)
542: (4,7),(0,2),(5,8),(1,3),(5,7),(1,3),(6,8),(0,2),(4,6)
543: (4,7),(0,2),(5,8),(1,3),(5,7),(1,3),(6,8),(0,4),(2,6)
544: (4,7),(0,2),(5,8),(1,3),(5,7),(1,3),(6,8),(2,4),(0,6)
545: (4,7),(0,2),(5,8),(1,3),(6,8),(1,3),(5,7),(0,2),(4,6)
546: (4,7),(0,2),(6,8),(0,2),(4,6),(1,8),(3,5),(1,7),(3,5)
547: (4,7),(0,2),(6,8),(1,3),(5,7),(0,2),(4,6),(1,8),(3,5)
548: (4,7),(0,2),(6,8),(1,3),(5,7),(1,3),(5,8),(0,2),(4,6)
549: (4,7),(0,2),(6,8),(1,3),(5,8),(1,3),(5,7),(0,2),(4,6)
550: (4,7),(0,2),(6,8),(2,4),(0,6),(3,8),(1,5),(3,7),(1,5)
551: (4,8),(0,2),(4,6),(0,2),(5,7),(1,3),(5,7),(1,3),(6,8)
552: (4,8),(0,2),(4,6),(0,2),(5,7),(1,3),(6,8),(1,3),(5,7)
553: (4,8),(0,2),(4,6),(0,2),(6,8),(1,3),(5,7),(1,3),(5,7)
554: (4,8),(0,2),(5,7),(1,3),(5,7),(0,2),(4,6),(1,8),(3,6)
555: (4,8),(0,2),(5,7),(1,3),(5,7),(1,3),(6,8),(0,2),(4,6)
556: (4,8),(0,2),(5,7),(1,3),(5,7),(1,3),(6,8),(0,4),(2,6)
557: (4,8),(0,2),(5,7),(1,3),(5,7),(1,3),(6,8),(2,4),(0,6)
558: (4,8),(0,2),(5,7),(1,3),(6,8),(1,3),(5,7),(0,2),(4,6)
559: (4,8),(0,2),(6,8),(1,3),(5,7),(1,3),(5,7),(0,2),(4,6)
560: (4,8),(0,6),(2,4),(6,8),(0,2),(5,7),(1,3),(5,7),(1,3)
561: (4,8),(0,6),(2,4),(6,8),(1,3),(5,7),(0,2),(5,7),(1,3)
562: (4,8),(0,6),(2,4),(6,8),(1,3),(5,7),(1,3),(5,7),(0,2)
563: (4,8),(0,6),(2,8),(4,6),(0,2),(5,7),(1,3),(5,7),(1,3)
564: (4,8),(1,6),(3,8),(1,5),(3,7),(0,5),(2,7),(0,4),(2,6)
565: (4,8),(2,6),(0,4),(2,6),(0,8),(3,5),(1,7),(3,5),(1,7)
566: (4,8),(2,6),(0,4),(2,7),(0,5),(3,7),(1,5),(3,8),(1,6)
567: (4,8),(2,6),(0,4),(6,8),(0,2),(5,7),(1,3),(5,7),(1,3)
568: (4,8),(2,6),(0,4),(6,8),(1,3),(5,7),(0,2),(5,7),(1,3)
569: (4,8),(2,6),(0,4),(6,8),(1,3),(5,7),(1,3),(5,7),(0,2)
570: (4,8),(2,6),(0,8),(4,6),(0,2),(5,7),(1,3),(5,7),(1,3)
571: (5,7),(0,2),(4,6),(0,2),(4,8),(1,6),(3,8),(1,5),(3,7)
572: (5,7),(0,2),(4,6),(0,8),(2,4),(6,8),(1,3),(5,7),(1,3)
573: (5,7),(0,2),(4,6),(1,8),(3,5),(0,7),(2,4),(6,8),(1,3)
574: (5,7),(0,2),(4,6),(1,8),(3,6),(1,8),(3,5),(0,7),(2,4)
575: (5,7),(0,2),(4,6),(2,8),(0,4),(6,8),(1,3),(5,7),(1,3)
576: (5,7),(0,2),(4,7),(0,2),(4,6),(1,8),(3,5),(1,8),(3,6)
577: (5,7),(0,2),(4,7),(0,2),(4,6),(1,8),(3,6),(1,8),(3,5)
578: (5,7),(0,2),(4,8),(0,6),(2,4),(6,8),(1,3),(5,7),(1,3)
579: (5,7),(0,2),(4,8),(2,6),(0,4),(6,8),(1,3),(5,7),(1,3)
580: (5,7),(1,3),(5,7),(0,2),(4,6),(0,2),(4,8),(1,6),(3,8)
581: (5,7),(1,3),(5,7),(0,2),(4,6),(0,8),(2,4),(6,8),(1,3)
582: (5,7),(1,3),(5,7),(0,2),(4,6),(1,8),(3,6),(0,8),(2,4)
583: (5,7),(1,3),(5,7),(0,2),(4,6),(2,8),(0,4),(6,8),(1,3)
584: (5,7),(1,3),(5,7),(0,2),(4,8),(0,2),(4,6),(1,8),(3,6)
585: (5,7),(1,3),(5,7),(0,2),(4,8),(0,6),(2,4),(6,8),(1,3)
586: (5,7),(1,3),(5,7),(0,2),(4,8),(1,6),(3,8),(0,6),(2,4)
587: (5,7),(1,3),(5,7),(0,2),(4,8),(2,6),(0,4),(6,8),(1,3)
588: (5,7),(1,3),(5,7),(1,3),(6,8),(0,2),(4,6),(0,2),(4,8)
589: (5,7),(1,3),(5,7),(1,3),(6,8),(0,2),(4,6),(0,8),(2,4)
590: (5,7),(1,3),(5,7),(1,3),(6,8),(0,2),(4,6),(2,8),(0,4)
591: (5,7),(1,3),(5,7),(1,3),(6,8),(0,2),(4,8),(0,2),(4,6)
592: (5,7),(1,3),(5,7),(1,3),(6,8),(0,2),(4,8),(0,6),(2,4)
593: (5,7),(1,3),(5,7),(1,3),(6,8),(0,2),(4,8),(2,6),(0,4)
594: (5,7),(1,3),(5,7),(1,3),(6,8),(0,4),(2,6),(0,4),(2,8)
595: (5,7),(1,3),(5,7),(1,3),(6,8),(0,4),(2,6),(0,8),(2,4)
596: (5,7),(1,3),(5,7),(1,3),(6,8),(0,4),(2,6),(4,8),(0,2)
597: (5,7),(1,3),(5,7),(1,3),(6,8),(0,4),(2,8),(0,4),(2,6)
598: (5,7),(1,3),(5,7),(1,3),(6,8),(0,4),(2,8),(0,6),(2,4)
599: (5,7),(1,3),(5,7),(1,3),(6,8),(0,4),(2,8),(4,6),(0,2)
600: (5,7),(1,3),(5,7),(1,3),(6,8),(2,4),(0,6),(2,4),(0,8)
601: (5,7),(1,3),(5,7),(1,3),(6,8),(2,4),(0,6),(2,8),(0,4)
602: (5,7),(1,3),(5,7),(1,3),(6,8),(2,4),(0,6),(4,8),(0,2)
603: (5,7),(1,3),(5,7),(1,3),(6,8),(2,4),(0,8),(2,4),(0,6)
604: (5,7),(1,3),(5,7),(1,3),(6,8),(2,4),(0,8),(2,6),(0,4)
605: (5,7),(1,3),(5,7),(1,3),(6,8),(2,4),(0,8),(4,6),(0,2)
606: (5,7),(1,3),(5,8),(0,2),(4,7),(0,2),(4,6),(1,8),(3,6)
607: (5,7),(1,3),(5,8),(1,3),(6,8),(0,2),(4,6),(0,2),(4,7)
608: (5,7),(1,3),(5,8),(1,3),(6,8),(0,2),(4,7),(0,2),(4,6)
609: (5,7),(1,3),(5,8),(1,3),(6,8),(0,4),(2,6),(0,4),(2,7)
610: (5,7),(1,3),(5,8),(1,3),(6,8),(0,4),(2,7),(0,4),(2,6)
611: (5,7),(1,3),(5,8),(1,3),(6,8),(2,4),(0,6),(2,4),(0,7)
612: (5,7),(1,3),(5,8),(1,3),(6,8),(2,4),(0,7),(2,4),(0,6)
613: (5,7),(1,3),(6,8),(0,2),(4,6),(1,8),(3,5),(0,7),(2,4)
614: (5,7),(1,3),(6,8),(0,2),(4,7),(0,2),(4,6),(1,8),(3,5)
615: (5,7),(1,3),(6,8),(0,4),(2,6),(4,8),(0,2),(5,7),(1,3)
616: (5,7),(1,3),(6,8),(0,4),(2,8),(4,6),(0,2),(5,7),(1,3)
617: (5,7),(1,3),(6,8),(1,3),(5,7),(0,2),(4,6),(0,2),(4,8)
618: (5,7),(1,3),(6,8),(1,3),(5,7),(0,2),(4,6),(0,8),(2,4)
619: (5,7),(1,3),(6,8),(1,3),(5,7),(0,2),(4,6),(2,8),(0,4)
620: (5,7),(1,3),(6,8),(1,3),(5,7),(0,2),(4,8),(0,2),(4,6)
621: (5,7),(1,3),(6,8),(1,3),(5,7),(0,2),(4,8),(0,6),(2,4)
622: (5,7),(1,3),(6,8),(1,3),(5,7),(0,2),(4,8),(2,6),(0,4)
623: (5,7),(1,3),(6,8),(1,3),(5,8),(0,2),(4,6),(0,2),(4,7)
624: (5,7),(1,3),(6,8),(1,3),(5,8),(0,2),(4,7),(0,2),(4,6)
625: (5,7),(1,3),(6,8),(2,4),(0,6),(2,4),(0,7),(3,5),(1,8)
626: (5,7),(1,3),(6,8),(2,4),(0,6),(2,4),(0,8),(3,5),(1,7)
627: (5,7),(1,3),(6,8),(2,4),(0,6),(4,8),(0,2),(5,7),(1,3)
628: (5,7),(1,3),(6,8),(2,4),(0,7),(2,4),(0,6),(3,8),(1,5)
629: (5,7),(1,3),(6,8),(2,4),(0,7),(3,5),(1,8),(4,6),(0,2)
630: (5,7),(1,3),(6,8),(2,4),(0,8),(4,6),(0,2),(5,7),(1,3)
631: (5,8),(1,3),(5,7),(0,2),(4,7),(0,2),(4,6),(1,8),(3,6)
632: (5,8),(1,3),(5,7),(1,3),(6,8),(0,2),(4,6),(0,2),(4,7)
633: (5,8),(1,3),(5,7),(1,3),(6,8),(0,2),(4,7),(0,2),(4,6)
634: (5,8),(1,3),(5,7),(1,3),(6,8),(0,4),(2,6),(0,4),(2,7)
635: (5,8),(1,3),(5,7),(1,3),(6,8),(0,4),(2,7),(0,4),(2,6)
636: (5,8),(1,3),(5,7),(1,3),(6,8),(2,4),(0,6),(2,4),(0,7)
637: (5,8),(1,3),(5,7),(1,3),(6,8),(2,4),(0,7),(2,4),(0,6)
638: (5,8),(1,3),(6,8),(1,3),(5,7),(0,2),(4,6),(0,2),(4,7)
639: (5,8),(1,3),(6,8),(1,3),(5,7),(0,2),(4,7),(0,2),(4,6)
640: (5,8),(1,3),(6,8),(2,4),(0,6),(2,4),(0,7),(3,5),(1,7)
641: (6,8),(0,2),(4,6),(1,8),(3,5),(1,7),(3,5),(0,7),(2,4)
642: (6,8),(0,2),(4,7),(0,2),(4,6),(1,8),(3,5),(1,7),(3,5)
643: (6,8),(0,4),(2,6),(4,8),(0,2),(5,7),(1,3),(5,7),(1,3)
644: (6,8),(0,4),(2,8),(4,6),(0,2),(5,7),(1,3),(5,7),(1,3)
645: (6,8),(1,3),(5,7),(0,2),(4,6),(1,8),(3,5),(0,7),(2,4)
646: (6,8),(1,3),(5,7),(0,2),(4,7),(0,2),(4,6),(1,8),(3,5)
647: (6,8),(1,3),(5,7),(1,3),(5,7),(0,2),(4,6),(0,2),(4,8)
648: (6,8),(1,3),(5,7),(1,3),(5,7),(0,2),(4,6),(0,8),(2,4)
649: (6,8),(1,3),(5,7),(1,3),(5,7),(0,2),(4,6),(2,8),(0,4)
650: (6,8),(1,3),(5,7),(1,3),(5,7),(0,2),(4,8),(0,2),(4,6)
651: (6,8),(1,3),(5,7),(1,3),(5,7),(0,2),(4,8),(0,6),(2,4)
652: (6,8),(1,3),(5,7),(1,3),(5,7),(0,2),(4,8),(2,6),(0,4)
653: (6,8),(1,3),(5,7),(1,3),(5,8),(0,2),(4,6),(0,2),(4,7)
654: (6,8),(1,3),(5,7),(1,3),(5,8),(0,2),(4,7),(0,2),(4,6)
655: (6,8),(1,3),(5,8),(1,3),(5,7),(0,2),(4,6),(0,2),(4,7)
656: (6,8),(1,3),(5,8),(1,3),(5,7),(0,2),(4,7),(0,2),(4,6)
657: (6,8),(2,4),(0,6),(2,4),(0,7),(3,5),(1,7),(3,5),(1,8)
658: (6,8),(2,4),(0,6),(2,4),(0,7),(3,5),(1,8),(3,5),(1,7)
659: (6,8),(2,4),(0,6),(2,4),(0,8),(3,5),(1,7),(3,5),(1,7)
660: (6,8),(2,4),(0,6),(4,8),(0,2),(5,7),(1,3),(5,7),(1,3)
661: (6,8),(2,4),(0,7),(2,4),(0,6),(3,8),(1,5),(3,7),(1,5)
662: (6,8),(2,4),(0,7),(3,5),(1,7),(3,5),(1,8),(4,6),(0,2)
663: (6,8),(2,4),(0,7),(3,5),(1,8),(4,6),(0,2),(5,7),(1,3)
664: (6,8),(2,4),(0,8),(4,6),(0,2),(5,7),(1,3),(5,7),(1,3)
