147258396582693741936147285369471528825936174471582639714825963258369417693714852
147258396582693741936147285471582639825936174369471528693714852258369417714825963
147258396582693741936147285471582639825936174369471528714825963258369417693714852
147258396582693741936147285693714852258369417714825963369471528825936174471582639
147258396693714852258369417582693741936147285471582639825936174369471528714825963
147258396693714852258369417714825963369471528825936174471582639936147285582693741
147258396693714852258369417714825963369471528825936174582693741936147285471582639
147258396693714852258369417825936174369471528714825963471582639936147285582693741
147285936582639471936174825369417258825963714471528369714852693258396147693741582
147285936582639471936174825471528369825963714369417258693741582258396147714852693
147285936582639471936174825471528369825963714369417258714852693258396147693741582
147285936582639471936174825693741582258396147714852693369417258825963714471528369
147285936693741582258396147582639471936174825471528369825963714369417258714852693
147285936693741582258396147714852693369417258825963714471528369936174825582639471
147285936693741582258396147714852693369417258825963714582639471936174825471528369
147285936693741582258396147825963714369417258714852693471528369936174825582639471
147396285582741639936285174369528417825174963471639528714963852258417396693852741
147396285582741639936285174471639528825174963369528417693852741258417396714963852
147396285582741639936285174471639528825174963369528417714963852258417396693852741
147396285582741639936285174693852741258417396714963852369528417825174963471639528
147396285693852741258417396582741639936285174471639528825174963369528417714963852
147396285693852741258417396714963852369528417825174963471639528936285174582741639
147396285693852741258417396714963852369528417825174963582741639936285174471639528
147396285693852741258417396825174963369528417714963852471639528936285174582741639
159384726483627159726951483261495837594738261837162594372516948948273615615849372
159384726483627159726951483261495837837162594594738261948273615372516948615849372
159384726483627159726951483372516948948273615615849372261495837837162594594738261
159384726726951483483627159837162594261495837594738261948273615372516948615849372
159384726726951483483627159948273615372516948615849372261495837837162594594738261
159384726726951483483627159948273615615849372372516948837162594261495837594738261
159483627483726951726159384261594738594837162837261495372615849948372516615948273
159483627483726951726159384261594738837261495594837162948372516372615849615948273
159483627483726951726159384372615849948372516615948273261594738837261495594837162
159483627726159384483726951837261495261594738594837162948372516372615849615948273
159483627726159384483726951948372516372615849615948273261594738837261495594837162
159483627726159384483726951948372516615948273372615849837261495261594738594837162
159483726483726159726159483261594837594837261837261594372615948948372615615948372
159483726483726159726159483261594837837261594594837261948372615372615948615948372
159483726483726159726159483372615948948372615615948372261594837837261594594837261
159483726726159483483726159837261594261594837594837261948372615372615948615948372
159483726726159483483726159948372615372615948615948372261594837837261594594837261
159483726726159483483726159948372615615948372372615948837261594261594837594837261
159627384483951627726384951261738495594162738837495162372849516948516273615273849
159627384483951627726384951261738495837495162594162738948516273372849516615273849
159627384483951627726384951372849516948516273615273849261738495837495162594162738
159627384726384951483951627837495162261738495594162738948516273372849516615273849
159627384726384951483951627948516273372849516615273849261738495837495162594162738
159627384726384951483951627948516273615273849372849516837495162261738495594162738
162594837495837261738261594273615948516948372849372615384726159951483726627159483
162594837495837261738261594273615948849372615516948372951483726384726159627159483
162594837495837261738261594384726159951483726627159483273615948849372615516948372
162594837738261594495837261849372615273615948516948372951483726384726159627159483
162594837738261594495837261951483726384726159627159483273615948849372615516948372
162594837738261594495837261951483726627159483384726159849372615273615948516948372
162738495495162738738495162273849516516273849849516273384951627951627384627384951
162738495495162738738495162273849516849516273516273849951627384384951627627384951
162738495495162738738495162384951627951627384627384951273849516849516273516273849
162738495738495162495162738849516273273849516516273849951627384384951627627384951
162738495738495162495162738951627384384951627627384951273849516849516273516273849
162738495738495162495162738951627384627384951384951627849516273273849516516273849
162738594495162837738495261273849615516273948849516372384951726951627483627384159
162738594495162837738495261273849615849516372516273948951627483384951726627384159
162738594495162837738495261384951726951627483627384159273849615849516372516273948
162738594738495261495162837849516372273849615516273948951627483384951726627384159
162738594738495261495162837951627483384951726627384159273849615849516372516273948
162738594738495261495162837951627483627384159384951726849516372273849615516273948
162837495495261738738594162273948516516372849849615273384159627951726384627483951
162837495495261738738594162273948516849615273516372849951726384384159627627483951
162837495495261738738594162384159627951726384627483951273948516849615273516372849
162837495738594162495261738849615273273948516516372849951726384384159627627483951
162837495738594162495261738951726384384159627627483951273948516849615273516372849
162837495738594162495261738951726384627483951384159627849615273273948516516372849
174825936528369471963714825396147258852693714417258369741582693285936147639471582
174825936528369471963714825417258369852693714396147258639471582285936147741582693
174825936528369471963714825417258369852693714396147258741582693285936147639471582
174825936528369471963714825639471582285936147741582693396147258852693714417258369
174825936639471582285936147528369471963714825417258369852693714396147258741582693
174825936639471582285936147741582693396147258852693714417258369963714825528369471
174825936639471582285936147741582693396147258852693714528369471963714825417258369
174825936639471582285936147852693714396147258741582693417258369963714825528369471
174936285528471639963825174396258417852714963417369528741693852285147396639582741
174936285528471639963825174417369528852714963396258417639582741285147396741693852
174936285528471639963825174417369528852714963396258417741693852285147396639582741
174936285528471639963825174639582741285147396741693852396258417852714963417369528
174936285639582741285147396528471639963825174417369528852714963396258417741693852
174936285639582741285147396741693852396258417852714963417369528963825174528471639
174936285639582741285147396741693852396258417852714963528471639963825174417369528
174936285639582741285147396852714963396258417741693852417369528963825174528471639
174963825528417369963852714396285147852741693417396258741639582285174936639528471
174963825528417369963852714417396258852741693396285147639528471285174936741639582
174963825528417369963852714417396258852741693396285147741639582285174936639528471
174963825528417369963852714639528471285174936741639582396285147852741693417396258
174963825639528471285174936528417369963852714417396258852741693396285147741639582
174963825639528471285174936741639582396285147852741693417396258963852714528417369
174963825639528471285174936741639582396285147852741693528417369963852714417396258
174963825639528471285174936852741693396285147741639582417396258963852714528417369
258369417693714852147258396471582639936147285582693741825936174369471528714825963
258369417693714852147258396582693741936147285471582639714825963369471528825936174
258369417693714852147258396582693741936147285471582639825936174369471528714825963
258369417693714852147258396714825963369471528825936174471582639936147285582693741
258369417714825963369471528693714852147258396582693741936147285471582639825936174
258369417714825963369471528825936174471582639936147285582693741147258396693714852
258369417714825963369471528825936174471582639936147285693714852147258396582693741
258369417714825963369471528936147285471582639825936174582693741147258396693714852
258396147693741582147285936471528369936174825582639471825963714369417258714852693
258396147693741582147285936582639471936174825471528369714852693369417258825963714
258396147693741582147285936582639471936174825471528369825963714369417258714852693
258396147693741582147285936714852693369417258825963714471528369936174825582639471
258396147714852693369417258693741582147285936582639471936174825471528369825963714
258396147714852693369417258825963714471528369936174825582639471147285936693741582
258396147714852693369417258825963714471528369936174825693741582147285936582639471
258396147714852693369417258936174825471528369825963714582639471147285936693741582
258417396693852741147396285471639528936285174582741639825174963369528417714963852
258417396693852741147396285582741639936285174471639528714963852369528417825174963
258417396693852741147396285582741639936285174471639528825174963369528417714963852
258417396693852741147396285714963852369528417825174963471639528936285174582741639
258417396714963852369528417693852741147396285582741639936285174471639528825174963
258417396714963852369528417825174963471639528936285174582741639147396285693852741
258417396714963852369528417825174963471639528936285174693852741147396285582741639
258417396714963852369528417936285174471639528825174963582741639147396285693852741
261495837594738261837162594372516948615849372948273615483627159159384726726951483
261495837594738261837162594372516948948273615615849372159384726483627159726951483
261495837594738261837162594483627159159384726726951483372516948948273615615849372
261495837837162594594738261159384726483627159726951483372516948948273615615849372
261495837837162594594738261159384726726951483483627159948273615372516948615849372
261495837837162594594738261948273615372516948615849372159384726483627159726951483
261594738594837162837261495372615849615948273948372516483726951159483627726159384
261594738594837162837261495372615849948372516615948273159483627483726951726159384
261594738594837162837261495483726951159483627726159384372615849948372516615948273
261594738837261495594837162159483627483726951726159384372615849948372516615948273
261594738837261495594837162159483627726159384483726951948372516372615849615948273
261594738837261495594837162948372516372615849615948273159483627483726951726159384
261594837594837261837261594372615948615948372948372615483726159159483726726159483
261594837594837261837261594372615948948372615615948372159483726483726159726159483
261594837594837261837261594483726159159483726726159483372615948948372615615948372
261594837837261594594837261159483726483726159726159483372615948948372615615948372
261594837837261594594837261159483726726159483483726159948372615372615948615948372
261594837837261594594837261948372615372615948615948372159483726483726159726159483
261738495594162738837495162372849516615273849948516273483951627159627384726384951
261738495594162738837495162372849516948516273615273849159627384483951627726384951
261738495594162738837495162483951627159627384726384951372849516948516273615273849
261738495837495162594162738159627384483951627726384951372849516948516273615273849
261738495837495162594162738159627384726384951483951627948516273372849516615273849
261738495837495162594162738948516273372849516615273849159627384483951627726384951
273615948516948372849372615384726159627159483951483726495837261162594837738261594
273615948516948372849372615384726159951483726627159483162594837495837261738261594
273615948516948372849372615495837261162594837738261594384726159951483726627159483
273615948849372615516948372162594837495837261738261594384726159951483726627159483
273615948849372615516948372162594837738261594495837261951483726384726159627159483
273615948849372615516948372951483726384726159627159483162594837495837261738261594
273849516516273849849516273384951627627384951951627384495162738162738495738495162
273849516516273849849516273384951627951627384627384951162738495495162738738495162
273849516516273849849516273495162738162738495738495162384951627951627384627384951
273849516849516273516273849162738495495162738738495162384951627951627384627384951
273849516849516273516273849162738495738495162495162738951627384384951627627384951
273849516849516273516273849951627384384951627627384951162738495495162738738495162
273849615516273948849516372384951726627384159951627483495162837162738594738495261
273849615516273948849516372384951726951627483627384159162738594495162837738495261
273849615516273948849516372495162837162738594738495261384951726951627483627384159
273849615849516372516273948162738594495162837738495261384951726951627483627384159
273849615849516372516273948162738594738495261495162837951627483384951726627384159
273849615849516372516273948951627483384951726627384159162738594495162837738495261
273948516516372849849615273384159627627483951951726384495261738162837495738594162
273948516516372849849615273384159627951726384627483951162837495495261738738594162
273948516516372849849615273495261738162837495738594162384159627951726384627483951
273948516849615273516372849162837495495261738738594162384159627951726384627483951
273948516849615273516372849162837495738594162495261738951726384384159627627483951
273948516849615273516372849951726384384159627627483951162837495495261738738594162
285147396639582741174936285417369528963825174528471639852714963396258417741693852
285147396639582741174936285528471639963825174417369528741693852396258417852714963
285147396639582741174936285528471639963825174417369528852714963396258417741693852
285147396639582741174936285741693852396258417852714963417369528963825174528471639
285147396741693852396258417639582741174936285528471639963825174417369528852714963
285147396741693852396258417852714963417369528963825174528471639174936285639582741
285147396741693852396258417852714963417369528963825174639582741174936285528471639
285147396741693852396258417963825174417369528852714963528471639174936285639582741
285174936639528471174963825417396258963852714528417369852741693396285147741639582
285174936639528471174963825528417369963852714417396258741639582396285147852741693
285174936639528471174963825528417369963852714417396258852741693396285147741639582
285174936639528471174963825741639582396285147852741693417396258963852714528417369
285174936741639582396285147639528471174963825528417369963852714417396258852741693
285174936741639582396285147852741693417396258963852714528417369174963825639528471
285174936741639582396285147852741693417396258963852714639528471174963825528417369
285174936741639582396285147963852714417396258852741693528417369174963825639528471
285936147639471582174825936417258369963714825528369471852693714396147258741582693
285936147639471582174825936528369471963714825417258369741582693396147258852693714
285936147639471582174825936528369471963714825417258369852693714396147258741582693
285936147639471582174825936741582693396147258852693714417258369963714825528369471
285936147741582693396147258639471582174825936528369471963714825417258369852693714
285936147741582693396147258852693714417258369963714825528369471174825936639471582
285936147741582693396147258852693714417258369963714825639471582174825936528369471
285936147741582693396147258963714825417258369852693714528369471174825936639471582
369417258714852693258396147582639471147285936693741582936174825471528369825963714
369417258714852693258396147693741582147285936582639471825963714471528369936174825
369417258714852693258396147693741582147285936582639471936174825471528369825963714
369417258714852693258396147825963714471528369936174825582639471147285936693741582
369417258825963714471528369147285936582639471936174825693741582258396147714852693
369417258825963714471528369714852693258396147693741582147285936582639471936174825
369417258825963714471528369936174825582639471147285936693741582258396147714852693
369417258825963714471528369936174825582639471147285936714852693258396147693741582
369471528714825963258369417582693741147258396693714852936147285471582639825936174
369471528714825963258369417693714852147258396582693741825936174471582639936147285
369471528714825963258369417693714852147258396582693741936147285471582639825936174
369471528714825963258369417825936174471582639936147285582693741147258396693714852
369471528825936174471582639147258396582693741936147285693714852258369417714825963
369471528825936174471582639714825963258369417693714852147258396582693741936147285
369471528825936174471582639936147285582693741147258396693714852258369417714825963
369471528825936174471582639936147285582693741147258396714825963258369417693714852
369528417714963852258417396582741639147396285693852741936285174471639528825174963
369528417714963852258417396693852741147396285582741639825174963471639528936285174
369528417714963852258417396693852741147396285582741639936285174471639528825174963
369528417714963852258417396825174963471639528936285174582741639147396285693852741
369528417825174963471639528147396285582741639936285174693852741258417396714963852
369528417825174963471639528714963852258417396693852741147396285582741639936285174
369528417825174963471639528936285174582741639147396285693852741258417396714963852
369528417825174963471639528936285174582741639147396285714963852258417396693852741
372516948615849372948273615483627159159384726726951483261495837594738261837162594
372516948615849372948273615483627159726951483159384726594738261261495837837162594
372516948615849372948273615594738261261495837837162594483627159159384726726951483
372516948948273615615849372159384726483627159726951483261495837594738261837162594
372516948948273615615849372261495837594738261837162594483627159159384726726951483
372516948948273615615849372261495837837162594594738261159384726483627159726951483
372615849615948273948372516483726951159483627726159384261594738594837162837261495
372615849615948273948372516483726951726159384159483627594837162261594738837261495
372615849615948273948372516594837162261594738837261495483726951159483627726159384
372615849948372516615948273159483627483726951726159384261594738594837162837261495
372615849948372516615948273261594738594837162837261495483726951159483627726159384
372615849948372516615948273261594738837261495594837162159483627483726951726159384
372615948615948372948372615483726159159483726726159483261594837594837261837261594
372615948615948372948372615483726159726159483159483726594837261261594837837261594
372615948615948372948372615594837261261594837837261594483726159159483726726159483
372615948948372615615948372159483726483726159726159483261594837594837261837261594
372615948948372615615948372261594837594837261837261594483726159159483726726159483
372615948948372615615948372261594837837261594594837261159483726483726159726159483
372849516615273849948516273483951627159627384726384951261738495594162738837495162
372849516615273849948516273483951627726384951159627384594162738261738495837495162
372849516615273849948516273594162738261738495837495162483951627159627384726384951
372849516948516273615273849159627384483951627726384951261738495594162738837495162
372849516948516273615273849261738495594162738837495162483951627159627384726384951
372849516948516273615273849261738495837495162594162738159627384483951627726384951
384159627627483951951726384495261738162837495738594162273948516516372849849615273
384159627627483951951726384495261738738594162162837495516372849273948516849615273
384159627627483951951726384516372849273948516849615273495261738162837495738594162
384159627951726384627483951162837495495261738738594162273948516516372849849615273
384159627951726384627483951273948516516372849849615273495261738162837495738594162
384159627951726384627483951273948516849615273516372849162837495495261738738594162
384726159627159483951483726495837261162594837738261594273615948516948372849372615
384726159627159483951483726495837261738261594162594837516948372273615948849372615
384726159627159483951483726516948372273615948849372615495837261162594837738261594
384726159951483726627159483162594837495837261738261594273615948516948372849372615
384726159951483726627159483273615948516948372849372615495837261162594837738261594
384726159951483726627159483273615948849372615516948372162594837495837261738261594
384951627627384951951627384495162738162738495738495162273849516516273849849516273
384951627627384951951627384495162738738495162162738495516273849273849516849516273
384951627627384951951627384516273849273849516849516273495162738162738495738495162
384951627951627384627384951162738495495162738738495162273849516516273849849516273
384951627951627384627384951273849516516273849849516273495162738162738495738495162
384951627951627384627384951273849516849516273516273849162738495495162738738495162
384951726627384159951627483495162837162738594738495261273849615516273948849516372
384951726627384159951627483495162837738495261162738594516273948273849615849516372
384951726627384159951627483516273948273849615849516372495162837162738594738495261
384951726951627483627384159162738594495162837738495261273849615516273948849516372
384951726951627483627384159273849615516273948849516372495162837162738594738495261
384951726951627483627384159273849615849516372516273948162738594495162837738495261
396147258741582693285936147528369471174825936639471582963714825417258369852693714
396147258741582693285936147639471582174825936528369471852693714417258369963714825
396147258741582693285936147639471582174825936528369471963714825417258369852693714
396147258741582693285936147852693714417258369963714825528369471174825936639471582
396147258852693714417258369174825936528369471963714825639471582285936147741582693
396147258852693714417258369741582693285936147639471582174825936528369471963714825
396147258852693714417258369963714825528369471174825936639471582285936147741582693
396147258852693714417258369963714825528369471174825936741582693285936147639471582
396258417741693852285147396528471639174936285639582741963825174417369528852714963
396258417741693852285147396639582741174936285528471639852714963417369528963825174
396258417741693852285147396639582741174936285528471639963825174417369528852714963
396258417741693852285147396852714963417369528963825174528471639174936285639582741
396258417852714963417369528174936285528471639963825174639582741285147396741693852
396258417852714963417369528741693852285147396639582741174936285528471639963825174
396258417852714963417369528963825174528471639174936285639582741285147396741693852
396258417852714963417369528963825174528471639174936285741693852285147396639582741
396285147741639582285174936528417369174963825639528471963852714417396258852741693
396285147741639582285174936639528471174963825528417369852741693417396258963852714
396285147741639582285174936639528471174963825528417369963852714417396258852741693
396285147741639582285174936852741693417396258963852714528417369174963825639528471
396285147852741693417396258174963825528417369963852714639528471285174936741639582
396285147852741693417396258741639582285174936639528471174963825528417369963852714
396285147852741693417396258963852714528417369174963825639528471285174936741639582
396285147852741693417396258963852714528417369174963825741639582285174936639528471
417258369852693714396147258639471582285936147741582693174825936528369471963714825
417258369852693714396147258741582693285936147639471582174825936528369471963714825
417258369852693714396147258741582693285936147639471582963714825528369471174825936
417258369852693714396147258963714825528369471174825936639471582285936147741582693
417258369963714825528369471174825936639471582285936147741582693396147258852693714
417258369963714825528369471174825936639471582285936147852693714396147258741582693
417258369963714825528369471285936147639471582174825936741582693396147258852693714
417258369963714825528369471852693714396147258741582693285936147639471582174825936
417369528852714963396258417639582741285147396741693852174936285528471639963825174
417369528852714963396258417741693852285147396639582741174936285528471639963825174
417369528852714963396258417741693852285147396639582741963825174528471639174936285
417369528852714963396258417963825174528471639174936285639582741285147396741693852
417369528963825174528471639174936285639582741285147396741693852396258417852714963
417369528963825174528471639174936285639582741285147396852714963396258417741693852
417369528963825174528471639285147396639582741174936285741693852396258417852714963
417369528963825174528471639852714963396258417741693852285147396639582741174936285
417396258852741693396285147639528471285174936741639582174963825528417369963852714
417396258852741693396285147741639582285174936639528471174963825528417369963852714
417396258852741693396285147741639582285174936639528471963852714528417369174963825
417396258852741693396285147963852714528417369174963825639528471285174936741639582
417396258963852714528417369174963825639528471285174936741639582396285147852741693
417396258963852714528417369174963825639528471285174936852741693396285147741639582
417396258963852714528417369285174936639528471174963825741639582396285147852741693
417396258963852714528417369852741693396285147741639582285174936639528471174963825
471528369825963714369417258693741582258396147714852693147285936582639471936174825
471528369825963714369417258714852693258396147693741582147285936582639471936174825
471528369825963714369417258714852693258396147693741582936174825582639471147285936
471528369825963714369417258936174825582639471147285936693741582258396147714852693
471528369936174825582639471147285936693741582258396147714852693369417258825963714
471528369936174825582639471147285936693741582258396147825963714369417258714852693
471528369936174825582639471258396147693741582147285936714852693369417258825963714
471528369936174825582639471825963714369417258714852693258396147693741582147285936
471582639825936174369471528693714852258369417714825963147258396582693741936147285
471582639825936174369471528714825963258369417693714852147258396582693741936147285
471582639825936174369471528714825963258369417693714852936147285582693741147258396
471582639825936174369471528936147285582693741147258396693714852258369417714825963
471582639936147285582693741147258396693714852258369417714825963369471528825936174
471582639936147285582693741147258396693714852258369417825936174369471528714825963
471582639936147285582693741258369417693714852147258396714825963369471528825936174
471582639936147285582693741825936174369471528714825963258369417693714852147258396
471639528825174963369528417693852741258417396714963852147396285582741639936285174
471639528825174963369528417714963852258417396693852741147396285582741639936285174
471639528825174963369528417714963852258417396693852741936285174582741639147396285
471639528825174963369528417936285174582741639147396285693852741258417396714963852
471639528936285174582741639147396285693852741258417396714963852369528417825174963
471639528936285174582741639147396285693852741258417396825174963369528417714963852
471639528936285174582741639258417396693852741147396285714963852369528417825174963
471639528936285174582741639825174963369528417714963852258417396693852741147396285
483627159159384726726951483261495837594738261837162594372516948615849372948273615
483627159159384726726951483372516948615849372948273615594738261261495837837162594
483627159159384726726951483372516948948273615615849372261495837594738261837162594
483627159726951483159384726594738261261495837837162594372516948615849372948273615
483627159726951483159384726594738261837162594261495837615849372372516948948273615
483627159726951483159384726615849372372516948948273615594738261261495837837162594
483726159159483726726159483261594837594837261837261594372615948615948372948372615
483726159159483726726159483372615948615948372948372615594837261261594837837261594
483726159159483726726159483372615948948372615615948372261594837594837261837261594
483726159726159483159483726594837261261594837837261594372615948615948372948372615
483726159726159483159483726594837261837261594261594837615948372372615948948372615
483726159726159483159483726615948372372615948948372615594837261261594837837261594
483726951159483627726159384261594738594837162837261495372615849615948273948372516
483726951159483627726159384372615849615948273948372516594837162261594738837261495
483726951159483627726159384372615849948372516615948273261594738594837162837261495
483726951726159384159483627594837162261594738837261495372615849615948273948372516
483726951726159384159483627594837162837261495261594738615948273372615849948372516
483726951726159384159483627615948273372615849948372516594837162261594738837261495
483951627159627384726384951261738495594162738837495162372849516615273849948516273
483951627159627384726384951372849516615273849948516273594162738261738495837495162
483951627159627384726384951372849516948516273615273849261738495594162738837495162
483951627726384951159627384594162738261738495837495162372849516615273849948516273
483951627726384951159627384594162738837495162261738495615273849372849516948516273
483951627726384951159627384615273849372849516948516273594162738261738495837495162
495162738162738495738495162273849516516273849849516273384951627627384951951627384
495162738162738495738495162384951627627384951951627384516273849273849516849516273
495162738162738495738495162384951627951627384627384951273849516516273849849516273
495162738738495162162738495516273849273849516849516273384951627627384951951627384
495162738738495162162738495516273849849516273273849516627384951384951627951627384
495162738738495162162738495627384951384951627951627384516273849273849516849516273
495162837162738594738495261273849615516273948849516372384951726627384159951627483
495162837162738594738495261384951726627384159951627483516273948273849615849516372
495162837162738594738495261384951726951627483627384159273849615516273948849516372
495162837738495261162738594516273948273849615849516372384951726627384159951627483
495162837738495261162738594516273948849516372273849615627384159384951726951627483
495162837738495261162738594627384159384951726951627483516273948273849615849516372
495261738162837495738594162273948516516372849849615273384159627627483951951726384
495261738162837495738594162384159627627483951951726384516372849273948516849615273
495261738162837495738594162384159627951726384627483951273948516516372849849615273
495261738738594162162837495516372849273948516849615273384159627627483951951726384
495261738738594162162837495516372849849615273273948516627483951384159627951726384
495261738738594162162837495627483951384159627951726384516372849273948516849615273
495837261162594837738261594273615948516948372849372615384726159627159483951483726
495837261162594837738261594384726159627159483951483726516948372273615948849372615
495837261162594837738261594384726159951483726627159483273615948516948372849372615
495837261738261594162594837516948372273615948849372615384726159627159483951483726
495837261738261594162594837516948372849372615273615948627159483384726159951483726
495837261738261594162594837627159483384726159951483726516948372273615948849372615
516273849273849516849516273384951627627384951951627384495162738738495162162738495
516273849273849516849516273495162738162738495738495162384951627627384951951627384
516273849273849516849516273495162738738495162162738495627384951384951627951627384
516273849849516273273849516627384951384951627951627384495162738738495162162738495
516273849849516273273849516627384951951627384384951627738495162495162738162738495
516273849849516273273849516738495162495162738162738495627384951384951627951627384
516273948273849615849516372384951726627384159951627483495162837738495261162738594
516273948273849615849516372495162837162738594738495261384951726627384159951627483
516273948273849615849516372495162837738495261162738594627384159384951726951627483
516273948849516372273849615627384159384951726951627483495162837738495261162738594
516273948849516372273849615627384159951627483384951726738495261495162837162738594
516273948849516372273849615738495261495162837162738594627384159384951726951627483
516372849273948516849615273384159627627483951951726384495261738738594162162837495
516372849273948516849615273495261738162837495738594162384159627627483951951726384
516372849273948516849615273495261738738594162162837495627483951384159627951726384
516372849849615273273948516627483951384159627951726384495261738738594162162837495
516372849849615273273948516627483951951726384384159627738594162495261738162837495
516372849849615273273948516738594162495261738162837495627483951384159627951726384
516948372273615948849372615384726159627159483951483726495837261738261594162594837
516948372273615948849372615495837261162594837738261594384726159627159483951483726
516948372273615948849372615495837261738261594162594837627159483384726159951483726
516948372849372615273615948627159483384726159951483726495837261738261594162594837
516948372849372615273615948627159483951483726384726159738261594495837261162594837
516948372849372615273615948738261594495837261162594837627159483384726159951483726
528369471174825936639471582285936147741582693396147258852693714417258369963714825
528369471174825936639471582285936147741582693396147258963714825417258369852693714
528369471174825936639471582396147258741582693285936147852693714417258369963714825
528369471174825936639471582963714825417258369852693714396147258741582693285936147
528369471963714825417258369174825936639471582285936147741582693396147258852693714
528369471963714825417258369741582693396147258852693714285936147639471582174825936
528369471963714825417258369852693714396147258741582693174825936639471582285936147
528369471963714825417258369852693714396147258741582693285936147639471582174825936
528417369174963825639528471285174936741639582396285147852741693417396258963852714
528417369174963825639528471285174936741639582396285147963852714417396258852741693
528417369174963825639528471396285147741639582285174936852741693417396258963852714
528417369174963825639528471963852714417396258852741693396285147741639582285174936
528417369963852714417396258174963825639528471285174936741639582396285147852741693
528417369963852714417396258741639582396285147852741693285174936639528471174963825
528417369963852714417396258852741693396285147741639582174963825639528471285174936
528417369963852714417396258852741693396285147741639582285174936639528471174963825
528471639174936285639582741285147396741693852396258417852714963417369528963825174
528471639174936285639582741285147396741693852396258417963825174417369528852714963
528471639174936285639582741396258417741693852285147396852714963417369528963825174
528471639174936285639582741963825174417369528852714963396258417741693852285147396
528471639963825174417369528174936285639582741285147396741693852396258417852714963
528471639963825174417369528741693852396258417852714963285147396639582741174936285
528471639963825174417369528852714963396258417741693852174936285639582741285147396
528471639963825174417369528852714963396258417741693852285147396639582741174936285
